-1.058132934570312500e+02
-2.163112487792968750e+02
-9.979903411865234375e+01
-1.524996490478515625e+02
-1.405359802246093750e+02
-1.171958541870117188e+02
-1.096761016845703125e+02
-5.817491531372070312e+01
-8.240170288085937500e+01
-3.018212318420410156e+01
-1.962419319152832031e+01
-9.433612823486328125e+01
-3.376192932128906250e+02
-7.189542388916015625e+01
-1.120170516967773438e+02
-8.071433258056640625e+01
4.461425781250000000e+00
-2.194978713989257812e+01
1.147062301635742188e+01
-6.440505981445312500e-01
3.021319580078125000e+01
1.608003997802734375e+01
6.602376937866210938e+00
-1.801151084899902344e+01
-8.804077148437500000e+00
3.787525177001953125e+00
-3.446391296386718750e+01
2.308164978027343750e+01
-3.782487487792968750e+01
2.421450042724609375e+01
-1.120305538177490234e+01
7.082242965698242188e+00
1.731216049194335938e+01
2.203541183471679688e+01
4.063281631469726562e+01
2.899880218505859375e+01
2.177460479736328125e+01
1.680248260498046875e+01
6.989888000488281250e+01
8.042691040039062500e+01
7.031434631347656250e+01
5.856745910644531250e+01
7.913510131835937500e+01
1.937446975708007812e+01
6.839278411865234375e+01
1.503643188476562500e+02
3.331677246093750000e+01
1.369646301269531250e+02
1.437531890869140625e+02
1.564499206542968750e+02
1.551135864257812500e+02
7.250753784179687500e+01
1.457811431884765625e+02
1.607817077636718750e+02
1.464335784912109375e+02
1.508290252685546875e+02
1.008579101562500000e+02
1.596084594726562500e+02
1.587845764160156250e+02
1.169914474487304688e+02
1.319047088623046875e+02
1.080903396606445312e+02
2.146598510742187500e+02
1.210168170928955078e+01
6.228079223632812500e+01
8.931867218017578125e+01
2.163356933593750000e+02
1.729222412109375000e+02
2.638870239257812500e+02
2.406587219238281250e+02
1.116148376464843750e+01
1.598986511230468750e+02
9.682820129394531250e+01
2.019813842773437500e+02
-2.804473876953125000e+02
1.006890487670898438e+02
2.641969909667968750e+02
1.934171295166015625e+02
2.036450500488281250e+02
1.976292877197265625e+02
1.163308410644531250e+02
5.207648468017578125e+01
1.195391693115234375e+02
2.637785644531250000e+02
1.317800140380859375e+02
1.535365905761718750e+02
1.401294555664062500e+02
7.640150451660156250e+01
1.668331604003906250e+02
7.205050659179687500e+01
7.307583618164062500e+01
9.095073699951171875e+01
5.349427795410156250e+01
1.342853698730468750e+02
1.227658309936523438e+02
1.756013641357421875e+02
1.686433715820312500e+02
1.260606765747070312e+02
1.308035430908203125e+02
1.456709594726562500e+02
