-8.480587005615234375e+01
-9.678421020507812500e+01
-5.973672485351562500e+01
-6.041437149047851562e+01
-6.975414276123046875e+01
-9.062607574462890625e+01
-6.394934082031250000e+01
-4.098358154296875000e+01
-5.985294723510742188e+01
-4.472987365722656250e+01
-9.868741989135742188e+00
-1.108168315887451172e+01
-4.696014404296875000e+00
-1.922516059875488281e+01
-2.878157234191894531e+01
-2.024911880493164062e+01
8.745530128479003906e+00
-1.991666221618652344e+01
-7.567024707794189453e+00
-1.946140646934509277e+00
-2.312933683395385742e+00
-1.243733501434326172e+01
-5.004663944244384766e+00
1.856415176391601562e+01
6.144682765007019043e-01
1.325706839561462402e+00
-1.078270721435546875e+01
9.656609535217285156e+00
-2.327744722366333008e+00
1.690564537048339844e+01
-3.749898910522460938e+01
-7.458159923553466797e+00
-1.999426460266113281e+01
2.577367973327636719e+01
-1.026789951324462891e+01
2.300300598144531250e+01
2.627860832214355469e+01
1.899132347106933594e+01
-2.242646598815917969e+01
3.330769300460815430e+00
-3.264678001403808594e+00
2.675904273986816406e+01
2.114729499816894531e+01
3.598653030395507812e+01
9.315893554687500000e+01
8.141561889648437500e+01
7.407793426513671875e+01
8.310016632080078125e+01
2.022095680236816406e+01
1.256503524780273438e+02
1.002768173217773438e+02
1.680189514160156250e+01
6.680271148681640625e+01
5.997785949707031250e+01
3.156469917297363281e+01
8.685653686523437500e+01
1.658613395690917969e+01
-3.962533235549926758e+00
1.534965229034423828e+01
8.029471588134765625e+01
8.316410827636718750e+01
-9.588195800781250000e+00
8.419309234619140625e+01
7.024814605712890625e+01
9.753887939453125000e+01
8.058330535888671875e+01
1.432230377197265625e+02
8.487063598632812500e+01
1.299552917480468750e+02
1.249319534301757812e+02
1.493840942382812500e+02
8.339954376220703125e+01
9.736093902587890625e+01
1.168812179565429688e+02
1.320774078369140625e+02
9.866994476318359375e+01
4.566003799438476562e+01
1.213373336791992188e+02
1.573990478515625000e+02
1.316707153320312500e+02
7.841329193115234375e+01
3.914999008178710938e+01
5.877847671508789062e+01
9.876552581787109375e+01
1.176504592895507812e+02
1.783572540283203125e+02
1.361927490234375000e+02
1.570297393798828125e+02
5.947062301635742188e+01
1.596900482177734375e+02
1.133776931762695312e+02
1.252594223022460938e+02
6.451718902587890625e+01
1.512879180908203125e+02
1.187666854858398438e+02
1.343701171875000000e+02
1.045135116577148438e+02
1.200859756469726562e+02
8.251839447021484375e+01
1.030679092407226562e+02
