2.316666603088378906e+01
2.376470565795898438e+01
2.885714340209960938e+01
2.668750000000000000e+01
2.900000000000000000e+01
2.693750000000000000e+01
3.000000000000000000e+01
3.823077011108398438e+01
3.654545593261718750e+01
2.773333358764648438e+01
4.079999923706054688e+01
3.591666793823242188e+01
4.933333206176757812e+01
5.362500000000000000e+01
4.700000000000000000e+01
6.355555725097656250e+01
5.771428680419921875e+01
5.137500000000000000e+01
5.900000000000000000e+01
8.359999847412109375e+01
1.005999984741210938e+02
7.057142639160156250e+01
6.716666412353515625e+01
1.162500000000000000e+02
7.250000000000000000e+01
1.476666717529296875e+02
1.656666717529296875e+02
1.350000000000000000e+02
1.177500000000000000e+02
1.450000000000000000e+02
1.353333282470703125e+02
1.390000000000000000e+02
1.550000000000000000e+02
1.600000000000000000e+02
1.386666717529296875e+02
1.566666717529296875e+02
1.416666717529296875e+02
1.620000000000000000e+02
2.000000000000000000e+02
2.000000000000000000e+02
2.000000000000000000e+02
2.000000000000000000e+02
1.626666717529296875e+02
2.000000000000000000e+02
1.703333282470703125e+02
1.853333282470703125e+02
1.863333282470703125e+02
1.733333282470703125e+02
2.000000000000000000e+02
2.000000000000000000e+02
2.000000000000000000e+02
1.916666717529296875e+02
2.000000000000000000e+02
2.000000000000000000e+02
2.000000000000000000e+02
2.000000000000000000e+02
2.000000000000000000e+02
2.000000000000000000e+02
2.000000000000000000e+02
2.000000000000000000e+02
2.000000000000000000e+02
2.000000000000000000e+02
1.963333282470703125e+02
1.886666717529296875e+02
2.000000000000000000e+02
1.853333282470703125e+02
2.000000000000000000e+02
1.713333282470703125e+02
1.830000000000000000e+02
2.000000000000000000e+02
1.933333282470703125e+02
1.976666717529296875e+02
2.000000000000000000e+02
2.000000000000000000e+02
2.000000000000000000e+02
2.000000000000000000e+02
2.000000000000000000e+02
2.000000000000000000e+02
2.000000000000000000e+02
2.000000000000000000e+02
1.823333282470703125e+02
2.000000000000000000e+02
2.000000000000000000e+02
2.000000000000000000e+02
2.000000000000000000e+02
2.000000000000000000e+02
2.000000000000000000e+02
2.000000000000000000e+02
2.000000000000000000e+02
2.000000000000000000e+02
2.000000000000000000e+02
2.000000000000000000e+02
2.000000000000000000e+02
2.000000000000000000e+02
2.000000000000000000e+02
2.000000000000000000e+02
2.000000000000000000e+02
2.000000000000000000e+02
2.000000000000000000e+02
2.000000000000000000e+02
