1.909523773193359375e+01
2.444444465637207031e+01
2.382353019714355469e+01
2.853333282470703125e+01
2.726666641235351562e+01
3.169230842590332031e+01
3.525000000000000000e+01
2.686666679382324219e+01
2.800000000000000000e+01
5.025000000000000000e+01
3.284615325927734375e+01
3.076922988891601562e+01
4.450000000000000000e+01
3.658333206176757812e+01
4.129999923706054688e+01
5.412500000000000000e+01
3.836363601684570312e+01
4.700000000000000000e+01
5.275000000000000000e+01
5.900000000000000000e+01
7.528571319580078125e+01
3.700000000000000000e+01
6.171428680419921875e+01
1.185999984741210938e+02
8.640000152587890625e+01
1.105000000000000000e+02
1.145000000000000000e+02
6.700000000000000000e+01
8.719999694824218750e+01
7.583333587646484375e+01
1.121999969482421875e+02
1.292500000000000000e+02
1.570000000000000000e+02
1.137500000000000000e+02
1.690000000000000000e+02
1.720000000000000000e+02
1.533333282470703125e+02
1.600000000000000000e+02
1.710000000000000000e+02
2.000000000000000000e+02
1.460000000000000000e+02
2.000000000000000000e+02
2.000000000000000000e+02
1.673333282470703125e+02
1.457500000000000000e+02
1.856666717529296875e+02
2.000000000000000000e+02
1.395000000000000000e+02
1.370000000000000000e+02
1.336666717529296875e+02
1.553333282470703125e+02
1.486666717529296875e+02
1.666666717529296875e+02
2.000000000000000000e+02
1.993333282470703125e+02
2.000000000000000000e+02
2.000000000000000000e+02
2.000000000000000000e+02
1.996666717529296875e+02
2.000000000000000000e+02
2.000000000000000000e+02
2.000000000000000000e+02
2.000000000000000000e+02
2.000000000000000000e+02
2.000000000000000000e+02
2.000000000000000000e+02
2.000000000000000000e+02
2.000000000000000000e+02
2.000000000000000000e+02
2.000000000000000000e+02
2.000000000000000000e+02
1.970000000000000000e+02
2.000000000000000000e+02
2.000000000000000000e+02
2.000000000000000000e+02
2.000000000000000000e+02
2.000000000000000000e+02
1.786666717529296875e+02
1.936666717529296875e+02
1.830000000000000000e+02
1.906666717529296875e+02
1.946666717529296875e+02
1.833333282470703125e+02
2.000000000000000000e+02
2.000000000000000000e+02
2.000000000000000000e+02
2.000000000000000000e+02
2.000000000000000000e+02
2.000000000000000000e+02
2.000000000000000000e+02
2.000000000000000000e+02
2.000000000000000000e+02
1.900000000000000000e+02
2.000000000000000000e+02
2.000000000000000000e+02
2.000000000000000000e+02
2.000000000000000000e+02
2.000000000000000000e+02
2.000000000000000000e+02
2.000000000000000000e+02
