2.316666603088378906e+01
2.673333358764648438e+01
2.500000000000000000e+01
2.950000000000000000e+01
2.935714340209960938e+01
2.914285659790039062e+01
3.516666793823242188e+01
3.945454406738281250e+01
3.350000000000000000e+01
3.084615325927734375e+01
4.544444274902343750e+01
6.585713958740234375e+01
4.444444274902343750e+01
5.362500000000000000e+01
5.437500000000000000e+01
4.655555725097656250e+01
7.583333587646484375e+01
6.733333587646484375e+01
8.040000152587890625e+01
6.716666412353515625e+01
8.100000000000000000e+01
7.450000000000000000e+01
1.015000000000000000e+02
1.172500000000000000e+02
1.124000015258789062e+02
1.540000000000000000e+02
1.423333282470703125e+02
1.225000000000000000e+02
1.773333282470703125e+02
1.900000000000000000e+02
1.840000000000000000e+02
1.520000000000000000e+02
2.000000000000000000e+02
1.663333282470703125e+02
1.820000000000000000e+02
1.543333282470703125e+02
1.640000000000000000e+02
1.916666717529296875e+02
2.000000000000000000e+02
2.000000000000000000e+02
2.000000000000000000e+02
1.966666717529296875e+02
1.820000000000000000e+02
1.870000000000000000e+02
1.946666717529296875e+02
2.000000000000000000e+02
2.000000000000000000e+02
2.000000000000000000e+02
2.000000000000000000e+02
2.000000000000000000e+02
2.000000000000000000e+02
2.000000000000000000e+02
2.000000000000000000e+02
2.000000000000000000e+02
2.000000000000000000e+02
2.000000000000000000e+02
2.000000000000000000e+02
2.000000000000000000e+02
2.000000000000000000e+02
2.000000000000000000e+02
2.000000000000000000e+02
2.000000000000000000e+02
2.000000000000000000e+02
2.000000000000000000e+02
2.000000000000000000e+02
2.000000000000000000e+02
1.866666717529296875e+02
2.000000000000000000e+02
2.000000000000000000e+02
2.000000000000000000e+02
2.000000000000000000e+02
1.953333282470703125e+02
2.000000000000000000e+02
2.000000000000000000e+02
2.000000000000000000e+02
2.000000000000000000e+02
2.000000000000000000e+02
2.000000000000000000e+02
2.000000000000000000e+02
2.000000000000000000e+02
2.000000000000000000e+02
2.000000000000000000e+02
2.000000000000000000e+02
2.000000000000000000e+02
1.920000000000000000e+02
2.000000000000000000e+02
1.990000000000000000e+02
1.990000000000000000e+02
1.780000000000000000e+02
1.883333282470703125e+02
1.883333282470703125e+02
1.913333282470703125e+02
2.000000000000000000e+02
1.966666717529296875e+02
2.000000000000000000e+02
2.000000000000000000e+02
2.000000000000000000e+02
2.000000000000000000e+02
2.000000000000000000e+02
2.000000000000000000e+02
