1.704166603088378906e+01
1.971428489685058594e+01
1.971428489685058594e+01
2.300000000000000000e+01
2.305555534362792969e+01
2.531250000000000000e+01
2.120000076293945312e+01
2.255555534362792969e+01
3.207692337036132812e+01
3.636363601684570312e+01
2.746666717529296875e+01
2.352941131591796875e+01
3.491666793823242188e+01
3.341666793823242188e+01
4.072727203369140625e+01
4.150000000000000000e+01
3.754545593261718750e+01
5.400000000000000000e+01
3.636363601684570312e+01
3.709090805053710938e+01
5.137500000000000000e+01
3.007142829895019531e+01
3.927272796630859375e+01
4.733333206176757812e+01
5.300000000000000000e+01
5.957143020629882812e+01
7.028571319580078125e+01
8.516666412353515625e+01
5.337500000000000000e+01
7.616666412353515625e+01
7.200000000000000000e+01
1.473333282470703125e+02
6.457142639160156250e+01
8.880000305175781250e+01
1.560000000000000000e+02
1.353333282470703125e+02
8.300000000000000000e+01
1.115000000000000000e+02
1.115000000000000000e+02
1.035000000000000000e+02
9.519999694824218750e+01
1.041999969482421875e+02
1.345000000000000000e+02
1.453333282470703125e+02
1.686666717529296875e+02
1.185000000000000000e+02
1.230000000000000000e+02
1.403333282470703125e+02
1.610000000000000000e+02
1.363333282470703125e+02
2.000000000000000000e+02
1.190000000000000000e+02
1.593333282470703125e+02
1.475000000000000000e+02
1.343333282470703125e+02
1.763333282470703125e+02
2.000000000000000000e+02
1.570000000000000000e+02
1.746666717529296875e+02
1.613333282470703125e+02
1.810000000000000000e+02
1.380000000000000000e+02
1.583333282470703125e+02
1.202500000000000000e+02
1.227500000000000000e+02
1.042500000000000000e+02
1.623333282470703125e+02
1.543333282470703125e+02
1.396666717529296875e+02
1.450000000000000000e+02
1.543333282470703125e+02
1.476666717529296875e+02
1.450000000000000000e+02
1.613333282470703125e+02
2.000000000000000000e+02
1.766666717529296875e+02
1.900000000000000000e+02
1.810000000000000000e+02
2.000000000000000000e+02
2.000000000000000000e+02
2.000000000000000000e+02
1.990000000000000000e+02
2.000000000000000000e+02
2.000000000000000000e+02
2.000000000000000000e+02
2.000000000000000000e+02
2.000000000000000000e+02
2.000000000000000000e+02
1.983333282470703125e+02
2.000000000000000000e+02
2.000000000000000000e+02
2.000000000000000000e+02
2.000000000000000000e+02
2.000000000000000000e+02
2.000000000000000000e+02
2.000000000000000000e+02
2.000000000000000000e+02
2.000000000000000000e+02
2.000000000000000000e+02
2.000000000000000000e+02
