2.004999923706054688e+01
2.231579017639160156e+01
2.244444465637207031e+01
3.020000076293945312e+01
3.100000000000000000e+01
2.316666603088378906e+01
2.892857170104980469e+01
3.500000000000000000e+01
4.009999847412109375e+01
3.092307662963867188e+01
3.645454406738281250e+01
4.611111068725585938e+01
4.029999923706054688e+01
5.012500000000000000e+01
5.400000000000000000e+01
8.380000305175781250e+01
5.325000000000000000e+01
5.575000000000000000e+01
4.777777862548828125e+01
4.688888931274414062e+01
8.919999694824218750e+01
6.100000000000000000e+01
5.971428680419921875e+01
7.100000000000000000e+01
7.042857360839843750e+01
9.140000152587890625e+01
1.107500000000000000e+02
1.217500000000000000e+02
1.546666717529296875e+02
1.392500000000000000e+02
1.566666717529296875e+02
1.403333282470703125e+02
1.212500000000000000e+02
1.743333282470703125e+02
1.360000000000000000e+02
1.910000000000000000e+02
1.490000000000000000e+02
1.933333282470703125e+02
2.000000000000000000e+02
1.980000000000000000e+02
2.000000000000000000e+02
2.000000000000000000e+02
2.000000000000000000e+02
1.813333282470703125e+02
2.000000000000000000e+02
2.000000000000000000e+02
1.886666717529296875e+02
1.663333282470703125e+02
2.000000000000000000e+02
2.000000000000000000e+02
2.000000000000000000e+02
1.660000000000000000e+02
1.790000000000000000e+02
2.000000000000000000e+02
2.000000000000000000e+02
1.840000000000000000e+02
2.000000000000000000e+02
1.590000000000000000e+02
1.963333282470703125e+02
1.980000000000000000e+02
2.000000000000000000e+02
1.923333282470703125e+02
1.590000000000000000e+02
1.863333282470703125e+02
2.000000000000000000e+02
2.000000000000000000e+02
2.000000000000000000e+02
2.000000000000000000e+02
1.946666717529296875e+02
1.786666717529296875e+02
2.000000000000000000e+02
2.000000000000000000e+02
1.856666717529296875e+02
1.810000000000000000e+02
1.580000000000000000e+02
1.803333282470703125e+02
1.866666717529296875e+02
1.766666717529296875e+02
1.410000000000000000e+02
1.690000000000000000e+02
1.850000000000000000e+02
1.820000000000000000e+02
2.000000000000000000e+02
1.980000000000000000e+02
2.000000000000000000e+02
2.000000000000000000e+02
2.000000000000000000e+02
2.000000000000000000e+02
1.900000000000000000e+02
1.860000000000000000e+02
1.946666717529296875e+02
1.733333282470703125e+02
1.796666717529296875e+02
1.680000000000000000e+02
1.793333282470703125e+02
1.763333282470703125e+02
1.706666717529296875e+02
1.520000000000000000e+02
1.606666717529296875e+02
1.435000000000000000e+02
