2.085714340209960938e+01
2.245000076293945312e+01
2.806666755676269531e+01
2.429411697387695312e+01
2.568750000000000000e+01
2.470588302612304688e+01
2.733333396911621094e+01
2.500000000000000000e+01
2.860000038146972656e+01
2.618750000000000000e+01
3.153846168518066406e+01
3.641666793823242188e+01
4.555555725097656250e+01
5.025000000000000000e+01
4.140000152587890625e+01
4.281818008422851562e+01
4.945454406738281250e+01
6.337500000000000000e+01
5.475000000000000000e+01
6.850000000000000000e+01
8.283333587646484375e+01
8.319999694824218750e+01
5.785714340209960938e+01
5.125000000000000000e+01
1.292500000000000000e+02
7.250000000000000000e+01
7.483333587646484375e+01
1.463333282470703125e+02
9.266666412353515625e+01
1.440000000000000000e+02
9.180000305175781250e+01
1.170000000000000000e+02
1.346666717529296875e+02
1.493333282470703125e+02
1.230000000000000000e+02
1.350000000000000000e+02
1.953333282470703125e+02
1.385000000000000000e+02
1.703333282470703125e+02
1.182500000000000000e+02
1.580000000000000000e+02
1.453333282470703125e+02
1.866666717529296875e+02
2.000000000000000000e+02
1.853333282470703125e+02
2.000000000000000000e+02
1.476666717529296875e+02
1.417500000000000000e+02
1.646666717529296875e+02
2.000000000000000000e+02
1.776666717529296875e+02
2.000000000000000000e+02
1.826666717529296875e+02
1.663333282470703125e+02
1.810000000000000000e+02
2.000000000000000000e+02
2.000000000000000000e+02
2.000000000000000000e+02
2.000000000000000000e+02
2.000000000000000000e+02
2.000000000000000000e+02
2.000000000000000000e+02
2.000000000000000000e+02
2.000000000000000000e+02
2.000000000000000000e+02
2.000000000000000000e+02
2.000000000000000000e+02
2.000000000000000000e+02
2.000000000000000000e+02
2.000000000000000000e+02
2.000000000000000000e+02
2.000000000000000000e+02
2.000000000000000000e+02
2.000000000000000000e+02
2.000000000000000000e+02
2.000000000000000000e+02
2.000000000000000000e+02
2.000000000000000000e+02
2.000000000000000000e+02
2.000000000000000000e+02
2.000000000000000000e+02
2.000000000000000000e+02
2.000000000000000000e+02
2.000000000000000000e+02
2.000000000000000000e+02
2.000000000000000000e+02
2.000000000000000000e+02
2.000000000000000000e+02
2.000000000000000000e+02
2.000000000000000000e+02
2.000000000000000000e+02
2.000000000000000000e+02
2.000000000000000000e+02
2.000000000000000000e+02
2.000000000000000000e+02
1.823333282470703125e+02
2.000000000000000000e+02
2.000000000000000000e+02
2.000000000000000000e+02
2.000000000000000000e+02
