-9.454734039306640625e+01
-7.322603607177734375e+01
-1.026720657348632812e+02
-1.024685668945312500e+02
-6.998126220703125000e+01
-1.295260772705078125e+02
-8.240055847167968750e+01
-4.237396240234375000e+01
-6.746923065185546875e+01
-1.041700057983398438e+02
-7.013492584228515625e+01
-8.772251129150390625e+01
-1.092163391113281250e+02
-8.152632904052734375e+01
-1.005339736938476562e+02
-1.072479248046875000e+02
-9.849957275390625000e+01
-7.013735961914062500e+01
-7.278515625000000000e+01
-9.771191406250000000e+01
-9.541484832763671875e+01
-7.017517852783203125e+01
-1.011477584838867188e+02
-6.336915206909179688e+01
-1.337971649169921875e+02
-8.920017242431640625e+01
-1.005589904785156250e+02
-6.336419677734375000e+01
-7.820227813720703125e+01
-1.004803085327148438e+02
-1.152176589965820312e+02
-5.302760314941406250e+01
-6.614751434326171875e+01
-5.633945846557617188e+01
-6.655237579345703125e+01
-9.450009155273437500e+01
-5.133440017700195312e+01
-6.345606613159179688e+01
-5.681713867187500000e+01
-6.906950378417968750e+01
-6.410741424560546875e+01
-2.345606231689453125e+01
-6.873783111572265625e+01
-5.868120193481445312e+01
-6.577365112304687500e+01
-5.052224349975585938e+01
-3.896087646484375000e+01
-5.332986450195312500e+01
-6.199510192871093750e+01
-6.317253494262695312e+01
-4.115450668334960938e+01
-5.950382614135742188e+01
-5.535838699340820312e+01
-4.838016128540039062e+01
-6.960388183593750000e+01
-9.072257995605468750e+00
-4.424729537963867188e+01
-5.064356613159179688e+01
-3.889679336547851562e+01
-2.585655975341796875e+01
-5.756563186645507812e+01
-4.377359008789062500e+01
-2.607813072204589844e+01
-4.012257003784179688e+01
-2.072104835510253906e+01
-4.191081619262695312e+01
-4.388710021972656250e+01
-2.728059196472167969e+01
-3.172923278808593750e+01
-4.117938232421875000e+01
-2.991153907775878906e+01
-2.387696075439453125e+01
-4.130244064331054688e+01
4.262898921966552734e+00
-9.735949516296386719e+00
7.027994990348815918e-01
-3.598966598510742188e+01
-1.522628307342529297e+01
-4.728576660156250000e+01
-2.182999610900878906e+01
1.255997776985168457e+00
-2.541128540039062500e+01
-5.791015625000000000e+01
-4.863509750366210938e+01
-1.336032104492187500e+01
-2.092221069335937500e+01
-3.143950653076171875e+01
1.736970305442810059e+00
-2.454274415969848633e+00
2.967263221740722656e+01
-3.475922775268554688e+01
-9.533110618591308594e+00
1.124955272674560547e+01
-6.658293247222900391e+00
1.055218601226806641e+01
-2.777694511413574219e+01
-2.139261627197265625e+01
-3.119398498535156250e+01
-2.434594535827636719e+01
-1.496290206909179688e+01
