-9.059166717529296875e+01
-1.164369201660156250e+02
-9.303244781494140625e+01
-9.523554229736328125e+01
-1.419956665039062500e+02
-1.722778930664062500e+02
-1.771017913818359375e+02
-1.881298675537109375e+02
-1.018939208984375000e+02
-1.181440048217773438e+02
-1.350774383544921875e+02
-9.283509063720703125e+01
-1.265894393920898438e+02
-9.706746673583984375e+01
-1.414226531982421875e+02
-4.901571655273437500e+01
-8.304135894775390625e+01
-6.193440628051757812e+01
-1.057530517578125000e+02
-7.472551727294921875e+01
-5.729298019409179688e+01
-1.129614791870117188e+02
-3.967683410644531250e+01
-8.619011688232421875e+01
-1.103918533325195312e+02
-9.421032714843750000e+01
-7.649291229248046875e+01
-6.613787078857421875e+01
-8.847203826904296875e+01
-7.532806396484375000e+01
-1.271153793334960938e+02
-8.272689056396484375e+01
-8.762270355224609375e+01
-5.028512573242187500e+01
-6.796567535400390625e+01
-5.018023681640625000e+01
-3.686496353149414062e+01
-7.120076751708984375e+01
-5.933888626098632812e+01
-1.786903572082519531e+01
-4.590310668945312500e+01
-6.316784667968750000e+01
-7.490106964111328125e+01
-6.939119720458984375e+01
-6.369559097290039062e+01
-6.494181823730468750e+01
-6.410084533691406250e+01
-7.623571014404296875e+01
-7.232448577880859375e+01
-6.863672637939453125e+01
-8.749436187744140625e+01
-8.902358245849609375e+01
-5.630519104003906250e+01
-5.895573806762695312e+01
-4.528004455566406250e+01
-5.046367263793945312e+01
-4.141687393188476562e+01
-6.590520477294921875e+01
-3.523113250732421875e+01
-5.653096389770507812e+01
-7.987715148925781250e+01
-5.948750686645507812e+01
-9.916431427001953125e+01
-6.725684356689453125e+01
-9.729732513427734375e+01
-6.511328125000000000e+01
-5.620134353637695312e+01
-5.959175491333007812e+01
-7.611360931396484375e+01
-6.682273101806640625e+01
-7.128469085693359375e+01
-4.530609512329101562e+01
-7.764859771728515625e+01
-2.866773986816406250e+01
-5.537549972534179688e+01
-4.611346817016601562e+01
-3.328046798706054688e+01
-4.427647399902343750e+01
-4.438759231567382812e+01
-3.061038017272949219e+01
-4.260521697998046875e+01
-4.815616989135742188e+01
-2.178229331970214844e+01
-2.499092102050781250e+01
-4.647663497924804688e+01
-3.620048904418945312e+01
-1.704014778137207031e+01
-2.576023674011230469e+01
-1.767569160461425781e+01
-4.362887573242187500e+01
-3.437771224975585938e+01
-2.920256805419921875e+01
-2.388805961608886719e+01
-2.639626502990722656e+01
-3.137563323974609375e+01
-3.121628379821777344e+01
-3.466186904907226562e+01
-3.276333999633789062e+01
-2.470191955566406250e+01
-1.575003719329833984e+01
