-9.286130523681640625e+01
-1.023527755737304688e+02
-8.701105499267578125e+01
-7.261621856689453125e+01
-1.141461486816406250e+02
-1.023074417114257812e+02
-1.023408737182617188e+02
-9.499697113037109375e+01
-1.367320404052734375e+02
-9.305460357666015625e+01
-8.902371978759765625e+01
-1.111602554321289062e+02
-9.217330169677734375e+01
-5.216995620727539062e+01
-7.033065795898437500e+01
-1.290393829345703125e+02
-9.674246978759765625e+01
-7.721197509765625000e+01
-6.101582717895507812e+01
-6.714067840576171875e+01
-5.575633239746093750e+01
-1.387349090576171875e+02
-7.718365478515625000e+01
-7.243836212158203125e+01
-8.320308685302734375e+01
-9.300555419921875000e+01
-7.690433502197265625e+01
-9.825519561767578125e+01
-7.761781311035156250e+01
-8.797406005859375000e+01
-6.882579803466796875e+01
-6.258568191528320312e+01
-7.738881683349609375e+01
-3.998315048217773438e+01
-5.860018920898437500e+01
-2.910133361816406250e+01
-7.833354949951171875e+01
-4.795508956909179688e+01
-8.299721527099609375e+01
-5.424006271362304688e+01
-8.543851470947265625e+01
-1.034288711547851562e+02
-7.969882965087890625e+01
-3.278204727172851562e+01
-8.393801689147949219e+00
-3.134416198730468750e+01
-3.228682327270507812e+01
-6.298775100708007812e+01
-8.702408599853515625e+01
-3.299183273315429688e+01
-7.846556091308593750e+01
-1.708959960937500000e+01
-3.211612319946289062e+01
-4.743439865112304688e+01
-3.561525344848632812e+01
-5.869335937500000000e+01
-3.436645126342773438e+01
-4.174973297119140625e+01
-2.707377052307128906e+01
-1.209328994154930115e-01
-4.887495517730712891e+00
-1.508541965484619141e+01
-5.224503993988037109e+00
-2.494830513000488281e+01
-4.469491577148437500e+01
-5.703226852416992188e+01
-4.416640090942382812e+01
-4.105803298950195312e+01
-5.271055603027343750e+01
-2.317617225646972656e+01
-4.467562866210937500e+01
9.282855987548828125e-01
-6.721269989013671875e+01
-3.568011856079101562e+01
-3.469233274459838867e+00
-5.505592727661132812e+01
-3.603922271728515625e+01
-7.301022338867187500e+01
-8.671371459960937500e+01
-5.095480728149414062e+01
-9.017144775390625000e+01
-6.461457061767578125e+01
-9.527154541015625000e+01
-1.000685119628906250e+02
-5.027048110961914062e+01
-7.032935333251953125e+01
-3.534674453735351562e+01
-3.662909317016601562e+01
-3.699749374389648438e+01
-4.092333316802978516e+00
-5.726004028320312500e+01
-6.943943023681640625e+01
-3.172955322265625000e+01
-3.974160003662109375e+01
-3.014960289001464844e+01
-6.576130986213684082e-01
-2.633365631103515625e+01
-6.399047851562500000e+01
-1.025560302734375000e+02
-2.148791503906250000e+01
