-8.364631652832031250e+01
-1.566952209472656250e+02
-1.005524291992187500e+02
-6.570406341552734375e+01
-4.973417663574218750e+01
-7.561722564697265625e+01
-6.851683807373046875e+01
-8.368629455566406250e+01
-2.305046653747558594e+01
-5.810975265502929688e+01
-5.452956008911132812e+01
-3.725086593627929688e+01
-1.833449554443359375e+01
-2.869943428039550781e+01
-5.599537277221679688e+01
-4.464880371093750000e+01
-9.641662597656250000e+00
-6.642591094970703125e+01
-2.176294898986816406e+01
-1.710808563232421875e+01
-2.069894981384277344e+01
-2.213270378112792969e+01
-1.600222587585449219e+01
-2.440028953552246094e+01
-9.881816864013671875e+00
9.008486866950988770e-01
-7.181523799896240234e+00
-1.883298492431640625e+01
-4.070229053497314453e+00
-7.637887477874755859e+00
5.459827899932861328e+00
6.556928157806396484e+00
-9.986350059509277344e+00
1.659661102294921875e+01
3.169588470458984375e+01
2.762701606750488281e+01
3.935283279418945312e+01
4.101507186889648438e+01
5.680253982543945312e+01
5.143501281738281250e+01
7.442663574218750000e+01
5.769650650024414062e+01
6.582379913330078125e+01
6.410615539550781250e+01
5.757023239135742188e+01
7.584630584716796875e+01
8.808087158203125000e+01
7.976903533935546875e+01
1.023350601196289062e+02
7.350963592529296875e+01
9.092767333984375000e+01
5.681034469604492188e+01
9.345263671875000000e+01
1.048018188476562500e+02
7.606511688232421875e+01
1.048305282592773438e+02
9.963348388671875000e+01
1.078629531860351562e+02
1.072328567504882812e+02
1.023765182495117188e+02
8.481094360351562500e+01
1.354259490966796875e+02
1.328954315185546875e+02
1.254690322875976562e+02
1.026821899414062500e+02
1.057777938842773438e+02
1.385058746337890625e+02
9.349823760986328125e+01
1.146514816284179688e+02
1.279828567504882812e+02
1.448244018554687500e+02
1.217441787719726562e+02
1.187054214477539062e+02
1.265857543945312500e+02
1.627173309326171875e+02
1.486746063232421875e+02
1.091408615112304688e+02
1.146927261352539062e+02
1.363920745849609375e+02
1.404767456054687500e+02
1.316370849609375000e+02
1.400913543701171875e+02
1.509245147705078125e+02
1.123427734375000000e+02
7.316347503662109375e+01
1.496706390380859375e+02
1.781321563720703125e+02
1.115553359985351562e+02
1.646122283935546875e+02
1.581545867919921875e+02
1.326389617919921875e+02
1.297326202392578125e+02
9.190091705322265625e+01
1.453017730712890625e+02
1.231843032836914062e+02
1.673291778564453125e+02
1.619485473632812500e+02
1.648086547851562500e+02
1.700559844970703125e+02
1.497438049316406250e+02
