-7.492971038818359375e+01
-8.642360687255859375e+01
-8.292926788330078125e+01
-8.411034393310546875e+01
-6.767116546630859375e+01
-4.580140686035156250e+01
-5.786552047729492188e+01
-6.795609283447265625e+01
-3.949563980102539062e+01
-6.421451568603515625e+01
-2.013728904724121094e+01
-3.332435226440429688e+01
-6.307743453979492188e+01
-4.276980590820312500e+01
-3.113349914550781250e+01
-2.556108093261718750e+01
-1.917510414123535156e+01
-1.769114494323730469e+01
-2.258518981933593750e+01
-6.116054058074951172e+00
-2.447461366653442383e+00
-1.342029094696044922e+01
-2.093360900878906250e+01
-1.356360149383544922e+01
-1.371546173095703125e+01
-1.558595657348632812e+01
1.201031875610351562e+01
-3.999001741409301758e+00
4.285002231597900391e+00
-1.675657844543457031e+01
1.088447284698486328e+01
8.616457939147949219e+00
2.374837636947631836e+00
2.494929695129394531e+01
2.491907501220703125e+01
-3.086790323257446289e+00
3.260458374023437500e+01
2.407741737365722656e+01
4.072686767578125000e+01
4.459669113159179688e+01
3.622348403930664062e+01
6.571166992187500000e+01
4.396102905273437500e+01
4.379863357543945312e+01
5.941491699218750000e+01
7.591757965087890625e+01
6.011439132690429688e+01
6.489537811279296875e+01
7.476502227783203125e+01
5.712988662719726562e+01
8.304428100585937500e+01
7.730331420898437500e+01
7.874996185302734375e+01
8.861338043212890625e+01
8.807415771484375000e+01
1.035551757812500000e+02
1.026597824096679688e+02
7.033390045166015625e+01
8.920373535156250000e+01
8.610276031494140625e+01
1.079952163696289062e+02
9.672293853759765625e+01
7.871961212158203125e+01
8.978832244873046875e+01
9.126749420166015625e+01
1.149432601928710938e+02
1.040977096557617188e+02
1.156785812377929688e+02
9.262117767333984375e+01
8.965139007568359375e+01
1.351478424072265625e+02
1.195841751098632812e+02
1.170908126831054688e+02
1.417387084960937500e+02
9.683969879150390625e+01
9.965386962890625000e+01
1.294671478271484375e+02
1.185522537231445312e+02
1.373756103515625000e+02
1.178510818481445312e+02
1.067053451538085938e+02
1.051290817260742188e+02
1.184973831176757812e+02
1.118326721191406250e+02
1.186993179321289062e+02
9.973455810546875000e+01
1.141765136718750000e+02
8.973519897460937500e+01
1.183675765991210938e+02
1.176118850708007812e+02
8.640588378906250000e+01
1.017142562866210938e+02
1.325542602539062500e+02
1.052327880859375000e+02
1.220183105468750000e+02
9.434262847900390625e+01
9.688797760009765625e+01
8.675743865966796875e+01
9.499503326416015625e+01
8.663900756835937500e+01
