-7.191533660888671875e+01
-8.087542724609375000e+01
-7.759164428710937500e+01
-6.662840270996093750e+01
-3.936060333251953125e+01
-2.759982299804687500e+01
-5.384023666381835938e+01
-5.804594421386718750e+01
-5.309999465942382812e+01
-5.890387344360351562e+01
-4.306564331054687500e+01
-1.911652922630310059e+00
-4.626723098754882812e+01
-6.978691101074218750e+00
-1.645188903808593750e+01
-1.407289505004882812e+01
-1.548956966400146484e+01
3.179938077926635742e+00
-3.417870712280273438e+01
-3.484216308593750000e+01
-7.989896297454833984e+00
-2.373737907409667969e+01
-4.241621398925781250e+01
2.655590248107910156e+01
7.391465663909912109e+00
-1.226890850067138672e+01
-7.639285564422607422e+00
-2.333036994934082031e+01
-3.877540588378906250e+00
-3.376459836959838867e+00
2.288130760192871094e+01
8.152857780456542969e+00
1.896113395690917969e+01
-9.306509971618652344e+00
5.714948177337646484e+00
1.983938026428222656e+01
1.318692302703857422e+01
1.679535865783691406e+01
2.369500160217285156e+01
3.872656250000000000e+01
2.059740257263183594e+01
5.589408493041992188e+01
5.606949996948242188e+01
6.508201599121093750e+01
8.712070465087890625e+01
6.680546569824218750e+01
6.770936584472656250e+01
6.816712188720703125e+01
9.173915863037109375e+01
7.545862579345703125e+01
8.807038116455078125e+01
9.907702636718750000e+01
1.096542358398437500e+02
1.080349197387695312e+02
1.056232223510742188e+02
9.105422973632812500e+01
9.763217926025390625e+01
1.058704452514648438e+02
1.274956970214843750e+02
1.187395553588867188e+02
1.140871276855468750e+02
1.081574478149414062e+02
1.056251449584960938e+02
1.424910278320312500e+02
1.474099578857421875e+02
1.409057464599609375e+02
1.150783691406250000e+02
1.392877044677734375e+02
1.316121520996093750e+02
1.135741271972656250e+02
1.406361694335937500e+02
1.320254669189453125e+02
1.505914459228515625e+02
1.727875518798828125e+02
1.565079803466796875e+02
1.560450744628906250e+02
2.210335540771484375e+02
2.469544830322265625e+02
1.601031036376953125e+02
1.679757537841796875e+02
2.068378448486328125e+02
1.691211547851562500e+02
2.041085205078125000e+02
1.743209228515625000e+02
1.503914947509765625e+02
1.971634063720703125e+02
1.419666900634765625e+02
2.432901763916015625e+02
2.341216583251953125e+02
1.624371490478515625e+02
2.069956512451171875e+02
1.816602325439453125e+02
2.536160430908203125e+02
2.634890747070312500e+02
1.859730987548828125e+02
1.999138031005859375e+02
2.472444610595703125e+02
2.419649658203125000e+02
2.974710998535156250e+02
2.729975891113281250e+02
