-9.075432586669921875e+01
-1.429684906005859375e+02
-1.201402206420898438e+02
-8.169466400146484375e+01
-1.481873016357421875e+02
-1.097931518554687500e+02
-1.078295059204101562e+02
-1.101320571899414062e+02
-1.836163787841796875e+02
-1.355368804931640625e+02
-1.749852905273437500e+02
-1.016154556274414062e+02
-1.404814300537109375e+02
-1.138580703735351562e+02
-1.304738769531250000e+02
-1.099174575805664062e+02
-7.931623840332031250e+01
-1.481124114990234375e+02
-9.695861816406250000e+01
-1.184513320922851562e+02
-7.546675872802734375e+01
-7.853638458251953125e+01
-5.731008911132812500e+01
-6.115904617309570312e+01
-5.541374206542968750e+01
-6.682563781738281250e+01
-6.412868499755859375e+01
-8.077032470703125000e+01
-7.661892700195312500e+01
-7.015114593505859375e+01
-7.501425170898437500e+01
-7.857845306396484375e+01
-7.349158477783203125e+01
-5.532180404663085938e+01
-7.271288299560546875e+01
-7.399034881591796875e+01
-6.624308013916015625e+01
-7.611391448974609375e+01
-5.985690689086914062e+01
-7.501728057861328125e+01
-3.245967864990234375e+01
-5.517610549926757812e+01
-5.040709304809570312e+01
-3.202187728881835938e+01
-5.425221252441406250e+01
-5.589938354492187500e+01
-5.646417617797851562e+01
-3.480630111694335938e+01
-3.234513473510742188e+01
-2.035180091857910156e+01
-4.704664230346679688e+01
-4.249986648559570312e+01
-4.852977371215820312e+01
-5.182327651977539062e+01
-5.209692764282226562e+01
-3.088447761535644531e+01
-6.388521957397460938e+01
-6.689603424072265625e+01
-5.867901611328125000e+01
-4.343122482299804688e+01
-5.513851547241210938e+01
-1.396265411376953125e+01
-5.096134567260742188e+01
-2.843503379821777344e+01
-9.179840087890625000e+01
-6.992822265625000000e+01
-1.220289611816406250e+01
-3.694164657592773438e+01
-4.460308456420898438e+01
-1.829283714294433594e+01
-2.881844520568847656e+01
-2.818173217773437500e+01
-2.767513465881347656e+01
-3.136799621582031250e+01
1.794272041320800781e+01
-5.563878536224365234e+00
-1.148168182373046875e+01
9.943232536315917969e+00
-4.412326812744140625e+00
-1.900816726684570312e+01
-1.667277067899703979e-01
-1.190264129638671875e+01
1.648560714721679688e+01
4.384999752044677734e+00
-7.578238677978515625e+01
-1.025595569610595703e+01
-9.346236419677734375e+01
-9.531310272216796875e+01
-1.668558197021484375e+02
-1.418420410156250000e+02
-1.694611663818359375e+02
-1.488909149169921875e+02
-2.195934906005859375e+02
-1.285226593017578125e+02
-1.223679428100585938e+02
-1.735838470458984375e+02
-9.894631958007812500e+01
-1.876043243408203125e+02
-8.024629974365234375e+01
-1.273098983764648438e+02
