-8.993173980712890625e+01
-5.660509109497070312e+01
-5.577365112304687500e+01
-8.136032867431640625e+01
-4.855336380004882812e+01
-9.624030303955078125e+01
-4.828803634643554688e+01
-4.468944168090820312e+01
-6.816191864013671875e+01
-5.396556091308593750e+01
-2.702841949462890625e+01
-4.972604370117187500e+01
-1.537708568572998047e+01
-3.728977584838867188e+01
-5.763573837280273438e+01
-3.607141113281250000e+01
-6.155228805541992188e+01
-4.347822189331054688e+01
-1.731317138671875000e+01
-2.199599647521972656e+01
-1.053691959381103516e+01
-4.508876419067382812e+01
-2.529523468017578125e+01
3.633371114730834961e+00
-1.623126411437988281e+01
-9.765372276306152344e+00
2.779623746871948242e+00
-9.865880012512207031e+00
-1.268510818481445312e+00
-5.545968532562255859e+00
1.278142833709716797e+01
3.581131935119628906e+00
-1.652938961982727051e+00
1.939097404479980469e+01
7.085956573486328125e+00
3.205566787719726562e+01
2.468490600585937500e+01
2.518853759765625000e+01
8.149359703063964844e+00
3.897728347778320312e+01
2.124129295349121094e+01
4.306590270996093750e+01
4.726826095581054688e+01
5.500714111328125000e+01
5.237665176391601562e+01
5.535968017578125000e+01
5.453174972534179688e+01
3.067564392089843750e+01
4.083070373535156250e+01
5.455392456054687500e+01
7.125597381591796875e+01
4.747062683105468750e+01
7.065839385986328125e+01
8.338790130615234375e+01
5.505195999145507812e+01
5.586685562133789062e+01
7.944031524658203125e+01
7.328220367431640625e+01
8.455524444580078125e+01
7.683940124511718750e+01
8.818744659423828125e+01
8.332471466064453125e+01
1.706352996826171875e+01
6.977423095703125000e+01
6.304213333129882812e+01
7.586653900146484375e+01
6.631746673583984375e+01
6.912671661376953125e+01
5.831508255004882812e+01
8.209719848632812500e+01
8.562106323242187500e+01
9.217478179931640625e+01
7.963352203369140625e+01
9.918737792968750000e+01
8.495242309570312500e+01
9.608681488037109375e+01
1.001376266479492188e+02
1.168953552246093750e+02
8.832424163818359375e+01
1.053941268920898438e+02
7.056399536132812500e+01
1.013937911987304688e+02
1.173442993164062500e+02
1.079066390991210938e+02
7.223683929443359375e+01
8.887770843505859375e+01
9.304921722412109375e+01
1.012558822631835938e+02
1.093581008911132812e+02
1.104423217773437500e+02
1.214005966186523438e+02
7.966439056396484375e+01
1.054135208129882812e+02
1.167051391601562500e+02
1.046600112915039062e+02
1.223569717407226562e+02
9.466512298583984375e+01
1.209216918945312500e+02
1.033482894897460938e+02
8.769290924072265625e+01
