-5.411168289184570312e+01
-1.175106201171875000e+02
-1.062578125000000000e+02
-8.706298828125000000e+01
-1.020824584960937500e+02
-1.125942153930664062e+02
-1.029432067871093750e+02
-1.087304687500000000e+02
-1.112580337524414062e+02
-8.073071289062500000e+01
-1.107811050415039062e+02
-9.160516357421875000e+01
-1.247434005737304688e+02
-1.055795288085937500e+02
-1.080206985473632812e+02
-1.106794357299804688e+02
-1.285101623535156250e+02
-7.778092193603515625e+01
-1.110510635375976562e+02
-8.847083282470703125e+01
-8.022763824462890625e+01
-9.373860931396484375e+01
-8.608376312255859375e+01
-8.231609344482421875e+01
-6.467125701904296875e+01
-6.927138519287109375e+01
-3.203622055053710938e+01
-5.912527084350585938e+01
-5.617007827758789062e+01
-5.263943481445312500e+01
-8.349356079101562500e+01
-6.044924926757812500e+01
-6.020685195922851562e+01
-4.048587036132812500e+01
-3.254578018188476562e+01
-3.868881607055664062e+01
-5.759315109252929688e+01
-5.322967529296875000e+01
-6.194553756713867188e+01
-6.010498046875000000e+01
-7.026214599609375000e+01
-6.429364013671875000e+01
-5.175716018676757812e+01
-4.339500808715820312e+01
-2.885025596618652344e+01
-3.333859252929687500e+01
-2.861182594299316406e+01
-7.107431030273437500e+01
-2.581107902526855469e+01
-3.374172592163085938e+01
-3.245435714721679688e+01
-3.942939758300781250e+01
-4.910817337036132812e+01
-7.400063323974609375e+01
-7.389465332031250000e+01
-5.266710281372070312e+01
-1.627268028259277344e+01
-5.710979461669921875e+00
6.315292358398437500e+00
-2.017670631408691406e+01
-7.628421783447265625e+01
-2.333295249938964844e+01
-4.633985519409179688e+01
-4.794309997558593750e+01
-1.364296340942382812e+01
1.129422378540039062e+01
9.802074432373046875e+00
1.212680816650390625e+01
1.702134895324707031e+01
1.466244029998779297e+01
4.961833953857421875e+00
-3.593746948242187500e+01
6.396338272094726562e+01
1.060935115814208984e+01
5.849888610839843750e+01
-8.811078071594238281e+00
2.651348876953125000e+01
2.629632568359375000e+01
3.338446378707885742e+00
1.590396118164062500e+01
8.899088859558105469e+00
-1.100806331634521484e+01
1.711462402343750000e+01
2.187827301025390625e+01
1.756354141235351562e+01
-2.164977788925170898e+00
3.452992630004882812e+01
2.327641105651855469e+01
-7.443076324462890625e+01
6.905364227294921875e+01
-3.403180313110351562e+01
2.316776466369628906e+01
-8.350594329833984375e+01
-6.602568817138671875e+01
-1.220904312133789062e+02
-1.442853088378906250e+02
-8.542618560791015625e+01
-3.252865982055664062e+01
-1.058510055541992188e+02
-6.402548980712890625e+01
