-1.272888793945312500e+02
-7.198425292968750000e+01
-7.995568084716796875e+01
-7.177733612060546875e+01
-4.133895874023437500e+01
-9.258530426025390625e+01
-6.730190277099609375e+01
-6.824680328369140625e+01
-7.588879394531250000e+01
-6.287614059448242188e+01
-5.453684616088867188e+01
-5.123720169067382812e+01
-5.158778762817382812e+01
-5.582455825805664062e+01
-5.178503799438476562e+01
-5.723058700561523438e+01
-9.300518798828125000e+01
-5.847300720214843750e+01
-4.206499862670898438e+01
-5.694818496704101562e+01
-3.346870040893554688e+01
-3.187538719177246094e+01
-2.988877105712890625e+01
-1.189089870452880859e+01
-2.873219108581542969e+01
-2.296357917785644531e+01
-1.417608165740966797e+01
-6.148376464843750000e+01
-4.405817794799804688e+01
-3.130377197265625000e+01
-1.823895263671875000e+01
-1.451381587982177734e+01
-2.870430946350097656e+01
-1.917808723449707031e+01
-3.020345115661621094e+01
-1.516045665740966797e+01
-2.446234893798828125e+01
-8.616960525512695312e+00
-1.915513420104980469e+01
-2.426079559326171875e+01
-1.861039924621582031e+01
-2.017445564270019531e+01
1.246142029762268066e+00
-7.238214492797851562e+00
-1.497933578491210938e+01
-3.905427932739257812e+00
2.943625211715698242e+00
1.312596797943115234e+01
4.645468294620513916e-01
2.110797691345214844e+01
6.283988952636718750e+00
3.052513122558593750e+01
1.674076843261718750e+01
2.646979331970214844e+01
1.590204715728759766e+01
5.545426845550537109e+00
1.822587585449218750e+01
4.834959411621093750e+01
2.954685020446777344e+01
9.030467987060546875e+00
2.020129203796386719e+01
2.559433555603027344e+01
5.137677001953125000e+01
6.007574462890625000e+01
4.973070144653320312e+01
2.959770965576171875e+01
5.048191452026367188e+01
7.100145721435546875e+01
4.789172744750976562e+01
3.649203109741210938e+01
5.647369003295898438e+01
5.787149047851562500e+01
5.138798141479492188e+01
5.718580245971679688e+01
5.140689086914062500e+01
6.082038497924804688e+01
6.904838562011718750e+01
7.706650543212890625e+01
5.423210144042968750e+01
6.654256439208984375e+01
9.084851074218750000e+01
5.158660507202148438e+01
8.475727081298828125e+01
8.425689697265625000e+01
5.145011901855468750e+01
8.580981445312500000e+01
8.114440155029296875e+01
8.710463714599609375e+01
8.308727264404296875e+01
8.322260284423828125e+01
9.902120208740234375e+01
1.014357376098632812e+02
8.367221832275390625e+01
7.905216217041015625e+01
9.718279266357421875e+01
8.237007141113281250e+01
1.123620529174804688e+02
8.958625030517578125e+01
7.926889038085937500e+01
1.091542739868164062e+02
