2.921428489685058594e+01
3.123077011108398438e+01
2.552631568908691406e+01
3.076922988891601562e+01
2.886666679382324219e+01
2.971428489685058594e+01
3.246154022216796875e+01
3.841666793823242188e+01
4.150000000000000000e+01
6.914286041259765625e+01
3.981818008422851562e+01
6.314285659790039062e+01
4.009090805053710938e+01
4.429999923706054688e+01
5.255555725097656250e+01
5.814285659790039062e+01
5.062500000000000000e+01
7.385713958740234375e+01
5.877777862548828125e+01
5.842856979370117188e+01
6.642857360839843750e+01
6.087500000000000000e+01
7.057142639160156250e+01
6.950000000000000000e+01
7.883333587646484375e+01
7.233333587646484375e+01
1.035000000000000000e+02
6.966666412353515625e+01
1.167500000000000000e+02
8.900000000000000000e+01
8.400000000000000000e+01
1.350000000000000000e+02
9.300000000000000000e+01
1.277500000000000000e+02
1.185000000000000000e+02
1.087500000000000000e+02
1.500000000000000000e+02
1.352500000000000000e+02
1.430000000000000000e+02
1.620000000000000000e+02
1.333333282470703125e+02
1.550000000000000000e+02
1.330000000000000000e+02
1.385000000000000000e+02
1.736666717529296875e+02
1.540000000000000000e+02
2.000000000000000000e+02
1.760000000000000000e+02
1.716666717529296875e+02
1.650000000000000000e+02
1.673333282470703125e+02
2.000000000000000000e+02
1.706666717529296875e+02
1.723333282470703125e+02
2.000000000000000000e+02
1.566666717529296875e+02
2.000000000000000000e+02
2.000000000000000000e+02
1.933333282470703125e+02
1.806666717529296875e+02
2.000000000000000000e+02
1.906666717529296875e+02
1.950000000000000000e+02
2.000000000000000000e+02
1.446666717529296875e+02
2.000000000000000000e+02
2.000000000000000000e+02
2.000000000000000000e+02
1.860000000000000000e+02
2.000000000000000000e+02
1.993333282470703125e+02
2.000000000000000000e+02
2.000000000000000000e+02
2.000000000000000000e+02
2.000000000000000000e+02
2.000000000000000000e+02
2.000000000000000000e+02
1.876666717529296875e+02
2.000000000000000000e+02
2.000000000000000000e+02
1.680000000000000000e+02
2.000000000000000000e+02
2.000000000000000000e+02
2.000000000000000000e+02
2.000000000000000000e+02
2.000000000000000000e+02
2.000000000000000000e+02
2.000000000000000000e+02
2.000000000000000000e+02
2.000000000000000000e+02
2.000000000000000000e+02
2.000000000000000000e+02
2.000000000000000000e+02
2.000000000000000000e+02
2.000000000000000000e+02
2.000000000000000000e+02
2.000000000000000000e+02
2.000000000000000000e+02
2.000000000000000000e+02
2.000000000000000000e+02
