2.713333320617675781e+01
2.405882263183593750e+01
2.447058868408203125e+01
2.542105293273925781e+01
2.779999923706054688e+01
4.309999847412109375e+01
3.458333206176757812e+01
4.220000076293945312e+01
3.446154022216796875e+01
3.933333206176757812e+01
4.666666793823242188e+01
4.179999923706054688e+01
4.522222137451171875e+01
3.809090805053710938e+01
3.766666793823242188e+01
4.977777862548828125e+01
4.788888931274414062e+01
5.077777862548828125e+01
8.219999694824218750e+01
5.728571319580078125e+01
6.557142639160156250e+01
1.045000000000000000e+02
4.136363601684570312e+01
6.100000000000000000e+01
9.359999847412109375e+01
7.066666412353515625e+01
7.033333587646484375e+01
6.983333587646484375e+01
5.637500000000000000e+01
6.650000000000000000e+01
1.040000000000000000e+02
9.140000152587890625e+01
1.001999969482421875e+02
1.000000000000000000e+02
1.337500000000000000e+02
1.065000000000000000e+02
7.950000000000000000e+01
8.340000152587890625e+01
9.040000152587890625e+01
1.237500000000000000e+02
1.490000000000000000e+02
1.042500000000000000e+02
1.573333282470703125e+02
1.250000000000000000e+02
1.162500000000000000e+02
1.503333282470703125e+02
1.400000000000000000e+02
1.487500000000000000e+02
2.000000000000000000e+02
2.000000000000000000e+02
1.743333282470703125e+02
1.783333282470703125e+02
2.000000000000000000e+02
1.440000000000000000e+02
1.410000000000000000e+02
1.846666717529296875e+02
2.000000000000000000e+02
2.000000000000000000e+02
2.000000000000000000e+02
1.740000000000000000e+02
1.943333282470703125e+02
1.810000000000000000e+02
1.217500000000000000e+02
1.756666717529296875e+02
1.763333282470703125e+02
1.763333282470703125e+02
1.740000000000000000e+02
1.626666717529296875e+02
1.860000000000000000e+02
1.583333282470703125e+02
2.000000000000000000e+02
2.000000000000000000e+02
1.656666717529296875e+02
1.863333282470703125e+02
1.733333282470703125e+02
1.436666717529296875e+02
1.823333282470703125e+02
1.315000000000000000e+02
1.710000000000000000e+02
2.000000000000000000e+02
1.733333282470703125e+02
2.000000000000000000e+02
2.000000000000000000e+02
2.000000000000000000e+02
1.516666717529296875e+02
1.633333282470703125e+02
1.573333282470703125e+02
1.530000000000000000e+02
1.636666717529296875e+02
1.886666717529296875e+02
1.526666717529296875e+02
2.000000000000000000e+02
1.956666717529296875e+02
2.000000000000000000e+02
2.000000000000000000e+02
2.000000000000000000e+02
2.000000000000000000e+02
2.000000000000000000e+02
2.000000000000000000e+02
2.000000000000000000e+02
