2.921428489685058594e+01
2.928571510314941406e+01
2.447058868408203125e+01
2.760000038146972656e+01
2.907142829895019531e+01
4.190000152587890625e+01
3.375000000000000000e+01
3.690909194946289062e+01
3.909090805053710938e+01
8.019999694824218750e+01
4.350000000000000000e+01
6.257143020629882812e+01
6.112500000000000000e+01
4.829999923706054688e+01
6.011111068725585938e+01
5.225000000000000000e+01
6.071428680419921875e+01
5.212500000000000000e+01
7.016666412353515625e+01
1.052500000000000000e+02
8.219999694824218750e+01
6.214285659790039062e+01
7.366666412353515625e+01
6.866666412353515625e+01
1.057500000000000000e+02
1.067500000000000000e+02
1.350000000000000000e+02
7.716666412353515625e+01
9.459999847412109375e+01
1.343333282470703125e+02
1.237500000000000000e+02
1.297500000000000000e+02
1.350000000000000000e+02
1.473333282470703125e+02
1.613333282470703125e+02
1.810000000000000000e+02
1.690000000000000000e+02
1.235000000000000000e+02
1.250000000000000000e+02
1.933333282470703125e+02
1.753333282470703125e+02
1.465000000000000000e+02
1.553333282470703125e+02
1.866666717529296875e+02
1.420000000000000000e+02
2.000000000000000000e+02
2.000000000000000000e+02
2.000000000000000000e+02
1.730000000000000000e+02
1.560000000000000000e+02
1.710000000000000000e+02
1.840000000000000000e+02
1.793333282470703125e+02
2.000000000000000000e+02
2.000000000000000000e+02
2.000000000000000000e+02
2.000000000000000000e+02
2.000000000000000000e+02
2.000000000000000000e+02
1.836666717529296875e+02
2.000000000000000000e+02
2.000000000000000000e+02
1.956666717529296875e+02
2.000000000000000000e+02
2.000000000000000000e+02
2.000000000000000000e+02
1.876666717529296875e+02
1.690000000000000000e+02
1.963333282470703125e+02
2.000000000000000000e+02
2.000000000000000000e+02
2.000000000000000000e+02
1.760000000000000000e+02
2.000000000000000000e+02
2.000000000000000000e+02
2.000000000000000000e+02
2.000000000000000000e+02
2.000000000000000000e+02
2.000000000000000000e+02
2.000000000000000000e+02
2.000000000000000000e+02
2.000000000000000000e+02
2.000000000000000000e+02
2.000000000000000000e+02
2.000000000000000000e+02
2.000000000000000000e+02
2.000000000000000000e+02
2.000000000000000000e+02
2.000000000000000000e+02
2.000000000000000000e+02
2.000000000000000000e+02
2.000000000000000000e+02
2.000000000000000000e+02
2.000000000000000000e+02
2.000000000000000000e+02
2.000000000000000000e+02
2.000000000000000000e+02
2.000000000000000000e+02
2.000000000000000000e+02
2.000000000000000000e+02
