2.388235282897949219e+01
3.341666793823242188e+01
2.928571510314941406e+01
2.864285659790039062e+01
2.394117736816406250e+01
2.786666679382324219e+01
2.786666679382324219e+01
3.681818008422851562e+01
3.338461685180664062e+01
3.184615325927734375e+01
2.935714340209960938e+01
3.690909194946289062e+01
4.159999847412109375e+01
4.622222137451171875e+01
3.675000000000000000e+01
5.837500000000000000e+01
5.211111068725585938e+01
5.075000000000000000e+01
4.533333206176757812e+01
9.819999694824218750e+01
5.537500000000000000e+01
5.871428680419921875e+01
5.337500000000000000e+01
8.080000305175781250e+01
5.971428680419921875e+01
4.655555725097656250e+01
6.883333587646484375e+01
6.071428680419921875e+01
6.885713958740234375e+01
1.007500000000000000e+02
7.283333587646484375e+01
9.200000000000000000e+01
6.800000000000000000e+01
1.027500000000000000e+02
1.110000000000000000e+02
1.165000000000000000e+02
1.342500000000000000e+02
8.000000000000000000e+01
1.004000015258789062e+02
1.680000000000000000e+02
8.959999847412109375e+01
8.983333587646484375e+01
1.463333282470703125e+02
1.443333282470703125e+02
1.523333282470703125e+02
1.055000000000000000e+02
1.710000000000000000e+02
1.733333282470703125e+02
1.343333282470703125e+02
2.000000000000000000e+02
1.656666717529296875e+02
1.923333282470703125e+02
1.646666717529296875e+02
1.620000000000000000e+02
1.750000000000000000e+02
1.846666717529296875e+02
1.510000000000000000e+02
2.000000000000000000e+02
2.000000000000000000e+02
2.000000000000000000e+02
1.510000000000000000e+02
1.850000000000000000e+02
1.610000000000000000e+02
2.000000000000000000e+02
1.593333282470703125e+02
1.546666717529296875e+02
1.317500000000000000e+02
1.110000000000000000e+02
1.666666717529296875e+02
1.390000000000000000e+02
1.576666717529296875e+02
1.916666717529296875e+02
2.000000000000000000e+02
1.650000000000000000e+02
2.000000000000000000e+02
2.000000000000000000e+02
2.000000000000000000e+02
2.000000000000000000e+02
2.000000000000000000e+02
1.810000000000000000e+02
2.000000000000000000e+02
1.913333282470703125e+02
2.000000000000000000e+02
2.000000000000000000e+02
2.000000000000000000e+02
2.000000000000000000e+02
1.910000000000000000e+02
2.000000000000000000e+02
2.000000000000000000e+02
1.676666717529296875e+02
2.000000000000000000e+02
2.000000000000000000e+02
2.000000000000000000e+02
2.000000000000000000e+02
2.000000000000000000e+02
2.000000000000000000e+02
2.000000000000000000e+02
2.000000000000000000e+02
2.000000000000000000e+02
2.000000000000000000e+02
