2.388235282897949219e+01
3.107692337036132812e+01
3.007142829895019531e+01
2.992857170104980469e+01
3.458333206176757812e+01
3.333333206176757812e+01
3.246154022216796875e+01
4.655555725097656250e+01
4.070000076293945312e+01
2.662500000000000000e+01
5.425000000000000000e+01
3.100000000000000000e+01
4.209999847412109375e+01
4.455555725097656250e+01
4.140000152587890625e+01
5.200000000000000000e+01
5.757143020629882812e+01
3.375000000000000000e+01
4.679999923706054688e+01
4.833333206176757812e+01
5.212500000000000000e+01
5.742856979370117188e+01
5.625000000000000000e+01
5.437500000000000000e+01
5.320000076293945312e+01
4.700000000000000000e+01
6.750000000000000000e+01
5.300000000000000000e+01
4.800000000000000000e+01
6.766666412353515625e+01
8.819999694824218750e+01
7.533333587646484375e+01
5.375000000000000000e+01
8.259999847412109375e+01
9.100000000000000000e+01
6.442857360839843750e+01
7.050000000000000000e+01
5.828571319580078125e+01
8.519999694824218750e+01
5.366666793823242188e+01
5.800000000000000000e+01
6.214285659790039062e+01
7.216666412353515625e+01
7.750000000000000000e+01
5.928571319580078125e+01
6.214285659790039062e+01
6.412500000000000000e+01
5.928571319580078125e+01
6.685713958740234375e+01
6.200000000000000000e+01
7.316666412353515625e+01
9.059999847412109375e+01
7.100000000000000000e+01
6.842857360839843750e+01
8.700000000000000000e+01
8.840000152587890625e+01
1.102500000000000000e+02
8.819999694824218750e+01
9.380000305175781250e+01
8.266666412353515625e+01
1.077500000000000000e+02
6.966666412353515625e+01
9.159999847412109375e+01
1.095999984741210938e+02
7.266666412353515625e+01
1.000000000000000000e+02
1.080000000000000000e+02
1.272500000000000000e+02
1.142500000000000000e+02
7.028571319580078125e+01
1.690000000000000000e+02
6.857142639160156250e+01
8.180000305175781250e+01
8.500000000000000000e+01
1.052500000000000000e+02
1.100000000000000000e+02
1.395000000000000000e+02
9.740000152587890625e+01
1.786666717529296875e+02
1.018000030517578125e+02
1.596666717529296875e+02
1.353333282470703125e+02
1.210000000000000000e+02
1.336666717529296875e+02
1.452500000000000000e+02
1.030000000000000000e+02
1.530000000000000000e+02
1.593333282470703125e+02
1.200000000000000000e+02
1.753333282470703125e+02
1.530000000000000000e+02
1.640000000000000000e+02
1.803333282470703125e+02
1.355000000000000000e+02
2.000000000000000000e+02
1.786666717529296875e+02
1.152500000000000000e+02
1.493333282470703125e+02
1.450000000000000000e+02
1.500000000000000000e+02
