2.388235282897949219e+01
2.543750000000000000e+01
3.383333206176757812e+01
2.885714340209960938e+01
2.950000000000000000e+01
3.507692337036132812e+01
3.100000000000000000e+01
4.329999923706054688e+01
3.700000000000000000e+01
4.479999923706054688e+01
5.025000000000000000e+01
4.236363601684570312e+01
5.287500000000000000e+01
4.070000076293945312e+01
5.300000000000000000e+01
4.200000000000000000e+01
5.462500000000000000e+01
6.683333587646484375e+01
5.525000000000000000e+01
5.262500000000000000e+01
6.175000000000000000e+01
5.420000076293945312e+01
6.657142639160156250e+01
6.457142639160156250e+01
6.128571319580078125e+01
7.900000000000000000e+01
1.017500000000000000e+02
6.771428680419921875e+01
8.659999847412109375e+01
8.119999694824218750e+01
7.133333587646484375e+01
7.666666412353515625e+01
1.100000000000000000e+02
9.819999694824218750e+01
1.102500000000000000e+02
1.486666717529296875e+02
1.010000000000000000e+02
1.092500000000000000e+02
1.165000000000000000e+02
9.759999847412109375e+01
1.490000000000000000e+02
1.430000000000000000e+02
1.826666717529296875e+02
1.523333282470703125e+02
1.297500000000000000e+02
1.050000000000000000e+02
1.144000015258789062e+02
1.140000000000000000e+02
1.720000000000000000e+02
2.000000000000000000e+02
1.710000000000000000e+02
1.670000000000000000e+02
1.876666717529296875e+02
1.230000000000000000e+02
1.386666717529296875e+02
1.930000000000000000e+02
2.000000000000000000e+02
2.000000000000000000e+02
1.446666717529296875e+02
1.726666717529296875e+02
2.000000000000000000e+02
1.696666717529296875e+02
1.776666717529296875e+02
1.633333282470703125e+02
1.970000000000000000e+02
2.000000000000000000e+02
1.485000000000000000e+02
1.583333282470703125e+02
1.960000000000000000e+02
1.950000000000000000e+02
2.000000000000000000e+02
1.843333282470703125e+02
1.460000000000000000e+02
2.000000000000000000e+02
1.946666717529296875e+02
2.000000000000000000e+02
2.000000000000000000e+02
1.826666717529296875e+02
1.710000000000000000e+02
1.906666717529296875e+02
2.000000000000000000e+02
2.000000000000000000e+02
2.000000000000000000e+02
2.000000000000000000e+02
1.773333282470703125e+02
2.000000000000000000e+02
2.000000000000000000e+02
2.000000000000000000e+02
2.000000000000000000e+02
2.000000000000000000e+02
2.000000000000000000e+02
2.000000000000000000e+02
1.870000000000000000e+02
2.000000000000000000e+02
2.000000000000000000e+02
2.000000000000000000e+02
2.000000000000000000e+02
1.660000000000000000e+02
2.000000000000000000e+02
2.000000000000000000e+02
