-4.227761535644531250e+02
-3.839038696289062500e+02
-4.700291442871093750e+02
-1.761489105224609375e+02
-2.844574279785156250e+02
-1.551561889648437500e+02
-1.118398132324218750e+02
-1.119496307373046875e+02
-1.519257965087890625e+02
-1.601517333984375000e+02
-1.433929901123046875e+02
-1.301261749267578125e+02
-1.167524032592773438e+02
-1.284033508300781250e+02
-1.574214477539062500e+02
-2.345910644531250000e+02
-1.108425598144531250e+02
-1.350650787353515625e+02
-1.298956146240234375e+02
-1.447823333740234375e+02
-1.480001525878906250e+02
-1.431022644042968750e+02
-1.907373657226562500e+02
-1.351985473632812500e+02
-1.369964294433593750e+02
-2.230921783447265625e+02
-2.315523223876953125e+02
-2.112927703857421875e+02
-1.971585540771484375e+02
-2.143065948486328125e+02
-2.120032958984375000e+02
-1.898273773193359375e+02
-2.891293334960937500e+02
-1.692863006591796875e+02
-1.657482452392578125e+02
-2.010757598876953125e+02
-2.380621337890625000e+02
-1.677737731933593750e+02
-1.343358306884765625e+02
-1.518498840332031250e+02
-1.230864028930664062e+02
-1.242057495117187500e+02
-1.471286315917968750e+02
-1.246080017089843750e+02
-1.255180740356445312e+02
-1.457466430664062500e+02
-1.133336257934570312e+02
-1.351552124023437500e+02
-1.793369750976562500e+02
-1.328127899169921875e+02
-1.633509521484375000e+02
-1.310485076904296875e+02
-1.558558959960937500e+02
-1.301544036865234375e+02
-1.295697631835937500e+02
-1.361929168701171875e+02
-1.273753890991210938e+02
-1.267276000976562500e+02
-1.263250732421875000e+02
-1.346247406005859375e+02
-1.236909866333007812e+02
-1.334181213378906250e+02
-1.448726959228515625e+02
-1.093431777954101562e+02
-1.343888854980468750e+02
-1.218072738647460938e+02
-1.367198638916015625e+02
-1.329879455566406250e+02
-1.244468765258789062e+02
-1.327050018310546875e+02
-1.283908538818359375e+02
-1.436044464111328125e+02
-1.397363433837890625e+02
-1.327218475341796875e+02
-1.270696334838867188e+02
-1.465663299560546875e+02
-1.564175262451171875e+02
-1.324414978027343750e+02
-1.332220306396484375e+02
-1.239627304077148438e+02
-1.313885498046875000e+02
-1.391096801757812500e+02
-1.333930816650390625e+02
-1.116979675292968750e+02
-1.383455352783203125e+02
-1.176872940063476562e+02
-1.264604110717773438e+02
-1.260926132202148438e+02
-1.909349517822265625e+02
-2.451002655029296875e+02
-1.954739532470703125e+02
-2.183076629638671875e+02
-2.209152679443359375e+02
-2.022427215576171875e+02
-1.888241424560546875e+02
-2.353921356201171875e+02
-2.193454437255859375e+02
-2.120959625244140625e+02
-1.605718231201171875e+02
-1.925207061767578125e+02
