9.789229393005371094e+00
9.330061912536621094e+00
8.989804267883300781e+00
1.243891716003417969e+01
1.136605453491210938e+01
1.175280380249023438e+01
1.150695514678955078e+01
1.098576927185058594e+01
1.235536289215087891e+01
1.249036979675292969e+01
1.177997112274169922e+01
9.690438270568847656e+00
1.225461864471435547e+01
1.243029403686523438e+01
2.404697036743164062e+01
1.039932155609130859e+01
1.170480918884277344e+01
1.282201957702636719e+01
1.862171745300292969e+01
1.618459320068359375e+01
1.789439582824707031e+01
1.841193199157714844e+01
1.481740570068359375e+01
1.625409507751464844e+01
2.248155021667480469e+01
2.356955909729003906e+01
2.522981834411621094e+01
1.700688934326171875e+01
2.851039886474609375e+01
2.299024963378906250e+01
3.322456359863281250e+01
4.762057876586914062e+01
4.494958114624023438e+01
9.575011444091796875e+01
9.582869720458984375e+01
4.082534027099609375e+01
7.827368164062500000e+01
3.524835205078125000e+01
6.243433380126953125e+01
6.728590393066406250e+01
8.999231719970703125e+01
8.836847686767578125e+01
1.461131439208984375e+02
1.113698348999023438e+02
1.059530792236328125e+02
1.369214782714843750e+02
9.886328125000000000e+01
1.065152587890625000e+02
1.018984146118164062e+02
1.035110397338867188e+02
9.944364166259765625e+01
7.877407836914062500e+01
8.271846008300781250e+01
7.948978424072265625e+01
7.805294036865234375e+01
6.592726135253906250e+01
6.690683746337890625e+01
7.066266632080078125e+01
6.198382568359375000e+01
5.933292388916015625e+01
6.701168060302734375e+01
5.425512695312500000e+01
6.149687576293945312e+01
5.453606033325195312e+01
5.734478759765625000e+01
5.249668884277343750e+01
5.810413742065429688e+01
5.644306945800781250e+01
5.476152801513671875e+01
6.762354278564453125e+01
6.662694549560546875e+01
7.267313385009765625e+01
6.439169311523437500e+01
6.943061828613281250e+01
7.372964477539062500e+01
7.587657165527343750e+01
7.229076385498046875e+01
8.788399505615234375e+01
9.045089721679687500e+01
9.155647277832031250e+01
9.318984985351562500e+01
1.119658050537109375e+02
9.792227172851562500e+01
1.029769592285156250e+02
1.131318206787109375e+02
1.029893951416015625e+02
5.816322708129882812e+01
5.896292114257812500e+01
3.056828880310058594e+01
3.248530197143554688e+01
2.459097290039062500e+01
2.950500106811523438e+01
2.273745346069335938e+01
2.297093963623046875e+01
2.021577835083007812e+01
2.161779403686523438e+01
1.738389968872070312e+01
1.610051727294921875e+01
1.715567398071289062e+01
1.925820159912109375e+01
1.691349601745605469e+01
1.715779304504394531e+01
1.626223945617675781e+01
1.815047836303710938e+01
1.783000373840332031e+01
2.217229080200195312e+01
2.626377868652343750e+01
2.243988609313964844e+01
2.246797752380371094e+01
5.019698715209960938e+01
4.608075714111328125e+01
7.164081573486328125e+01
8.254878997802734375e+01
1.058545761108398438e+02
1.311964569091796875e+02
1.407611694335937500e+02
1.714886932373046875e+02
1.544875183105468750e+02
1.551239471435546875e+02
1.957912902832031250e+02
1.779316711425781250e+02
1.530656890869140625e+02
1.830375213623046875e+02
1.881915740966796875e+02
1.432008514404296875e+02
1.316961212158203125e+02
1.485513458251953125e+02
1.414686279296875000e+02
1.316989593505859375e+02
1.253667449951171875e+02
1.082673339843750000e+02
1.322462005615234375e+02
1.125392684936523438e+02
9.596002960205078125e+01
1.050191345214843750e+02
8.205654144287109375e+01
8.664532470703125000e+01
9.090955352783203125e+01
8.722720336914062500e+01
8.845855712890625000e+01
9.658869934082031250e+01
8.520463562011718750e+01
9.705949401855468750e+01
7.096077728271484375e+01
8.338018035888671875e+01
7.823855590820312500e+01
8.062350463867187500e+01
8.362239837646484375e+01
1.006422729492187500e+02
8.227696228027343750e+01
8.251416015625000000e+01
8.879500579833984375e+01
9.401994323730468750e+01
1.119411621093750000e+02
9.199567413330078125e+01
9.603730010986328125e+01
1.035350265502929688e+02
1.240423355102539062e+02
1.255083236694335938e+02
1.228271255493164062e+02
1.504202575683593750e+02
1.105732803344726562e+02
8.458614349365234375e+01
6.807859802246093750e+01
5.452800369262695312e+01
4.020428466796875000e+01
4.065280532836914062e+01
3.303179931640625000e+01
2.777741622924804688e+01
2.505898284912109375e+01
2.121189308166503906e+01
1.938794517517089844e+01
1.626128768920898438e+01
1.772669792175292969e+01
1.730435180664062500e+01
1.485622215270996094e+01
2.351136779785156250e+01
1.592287445068359375e+01
1.735360717773437500e+01
1.707045745849609375e+01
2.142683601379394531e+01
1.961091613769531250e+01
2.380421829223632812e+01
2.947451591491699219e+01
3.189270019531250000e+01
3.146656227111816406e+01
4.284799957275390625e+01
5.197649765014648438e+01
6.331543731689453125e+01
5.899839401245117188e+01
6.971351623535156250e+01
8.230076599121093750e+01
7.954718780517578125e+01
1.136674499511718750e+02
1.072385253906250000e+02
1.082906417846679688e+02
1.190219497680664062e+02
1.102076416015625000e+02
1.478268127441406250e+02
9.415038299560546875e+01
8.014425659179687500e+01
6.851441955566406250e+01
6.834686279296875000e+01
6.488253784179687500e+01
6.081819534301757812e+01
5.304935455322265625e+01
5.546379089355468750e+01
5.838236618041992188e+01
5.618047714233398438e+01
5.542905807495117188e+01
5.465335845947265625e+01
5.608814620971679688e+01
5.062641525268554688e+01
5.393907928466796875e+01
5.154581069946289062e+01
5.343072891235351562e+01
5.098624038696289062e+01
4.927982711791992188e+01
5.058443069458007812e+01
4.847648239135742188e+01
4.722374725341796875e+01
5.001185989379882812e+01
5.055886840820312500e+01
4.730257797241210938e+01
4.723527145385742188e+01
4.763420486450195312e+01
4.971470260620117188e+01
4.763121795654296875e+01
4.618201446533203125e+01
4.992102813720703125e+01
4.569561004638671875e+01
4.862129592895507812e+01
4.968259811401367188e+01
4.869873428344726562e+01
4.848160171508789062e+01
4.789939117431640625e+01
4.861225128173828125e+01
4.820118713378906250e+01
4.727407455444335938e+01
4.646802139282226562e+01
4.740496826171875000e+01
4.688161087036132812e+01
4.743349456787109375e+01
4.840575790405273438e+01
4.909229660034179688e+01
5.199228286743164062e+01
4.901690673828125000e+01
4.880138778686523438e+01
4.934841156005859375e+01
5.004616165161132812e+01
5.338818359375000000e+01
5.126723098754882812e+01
5.103307342529296875e+01
5.200926971435546875e+01
5.307379913330078125e+01
5.373797607421875000e+01
5.196588134765625000e+01
5.327120590209960938e+01
5.665332794189453125e+01
5.435438919067382812e+01
5.815762329101562500e+01
5.619895172119140625e+01
5.760444641113281250e+01
6.043730545043945312e+01
6.409622955322265625e+01
6.188279342651367188e+01
6.124206542968750000e+01
6.212850570678710938e+01
6.824272918701171875e+01
6.740768432617187500e+01
7.206645965576171875e+01
7.862356567382812500e+01
8.102474975585937500e+01
8.140829467773437500e+01
8.900187683105468750e+01
9.213417053222656250e+01
9.877365112304687500e+01
1.043447952270507812e+02
1.162195663452148438e+02
1.197720565795898438e+02
1.628618774414062500e+02
1.297813873291015625e+02
1.628241577148437500e+02
1.750848846435546875e+02
1.874928283691406250e+02
1.834910430908203125e+02
1.822971649169921875e+02
1.754412841796875000e+02
1.680830383300781250e+02
1.298850402832031250e+02
1.126826171875000000e+02
9.763910675048828125e+01
1.002680816650390625e+02
7.395882415771484375e+01
7.478953552246093750e+01
6.662399291992187500e+01
6.824079895019531250e+01
5.737410354614257812e+01
5.546014404296875000e+01
5.038500213623046875e+01
