9.761421203613281250e+00
1.014747524261474609e+01
9.672007560729980469e+00
1.581492805480957031e+01
1.340060043334960938e+01
1.430947971343994141e+01
1.436300086975097656e+01
1.252825450897216797e+01
1.639431571960449219e+01
1.765886878967285156e+01
1.537683296203613281e+01
1.502141857147216797e+01
2.267225074768066406e+01
2.130763626098632812e+01
3.608346176147460938e+01
1.976058387756347656e+01
2.298503875732421875e+01
2.667909622192382812e+01
5.315219879150390625e+01
7.102448272705078125e+01
3.005334854125976562e+01
4.387553787231445312e+01
4.648885345458984375e+01
1.062152099609375000e+02
3.842855072021484375e+01
6.282593536376953125e+01
1.279290390014648438e+02
6.537904357910156250e+01
7.769183349609375000e+01
9.171389007568359375e+01
8.089810943603515625e+01
8.456426239013671875e+01
1.170945663452148438e+02
1.328390045166015625e+02
1.281620178222656250e+02
1.096984252929687500e+02
1.109758148193359375e+02
8.981871795654296875e+01
7.725477600097656250e+01
1.137485733032226562e+02
1.000152664184570312e+02
9.185534667968750000e+01
1.084694213867187500e+02
8.870397186279296875e+01
9.106542968750000000e+01
1.270690994262695312e+02
1.053816680908203125e+02
9.384522247314453125e+01
8.851736450195312500e+01
8.542323303222656250e+01
9.281781005859375000e+01
7.291581726074218750e+01
9.585641479492187500e+01
7.697259521484375000e+01
9.848877716064453125e+01
8.929091644287109375e+01
1.019273071289062500e+02
1.034019699096679688e+02
9.016778564453125000e+01
8.184954833984375000e+01
8.184663391113281250e+01
1.119761276245117188e+02
1.233937606811523438e+02
1.405921325683593750e+02
1.250790023803710938e+02
1.604440002441406250e+02
1.101771240234375000e+02
1.325903320312500000e+02
1.591406555175781250e+02
1.448055419921875000e+02
1.503096771240234375e+02
1.870449523925781250e+02
1.446746673583984375e+02
1.667245941162109375e+02
1.820020751953125000e+02
1.607308197021484375e+02
1.010337677001953125e+02
1.760135345458984375e+02
1.347643737792968750e+02
1.044485855102539062e+02
1.118748931884765625e+02
1.160502319335937500e+02
1.133060302734375000e+02
1.732142028808593750e+02
1.824176940917968750e+02
1.720189666748046875e+02
1.473869476318359375e+02
1.616458740234375000e+02
1.740775146484375000e+02
1.871853332519531250e+02
1.910395507812500000e+02
1.642608184814453125e+02
1.651326141357421875e+02
1.876183776855468750e+02
1.690004730224609375e+02
1.856531372070312500e+02
1.768535461425781250e+02
1.930677032470703125e+02
1.755316467285156250e+02
1.640290679931640625e+02
1.672582092285156250e+02
1.822675628662109375e+02
1.746963653564453125e+02
1.765936279296875000e+02
1.887172393798828125e+02
1.482341308593750000e+02
1.513554687500000000e+02
1.625368194580078125e+02
1.783622131347656250e+02
2.098874053955078125e+02
1.828287811279296875e+02
1.810878601074218750e+02
2.040483551025390625e+02
1.968908996582031250e+02
2.091265869140625000e+02
2.053777618408203125e+02
2.111553192138671875e+02
2.106421356201171875e+02
1.933090820312500000e+02
1.883086547851562500e+02
2.054230651855468750e+02
1.961469268798828125e+02
2.091013488769531250e+02
2.146056518554687500e+02
2.056445770263671875e+02
2.147487030029296875e+02
1.998999481201171875e+02
2.082114257812500000e+02
2.168544006347656250e+02
2.153620910644531250e+02
2.068230438232421875e+02
2.136246795654296875e+02
2.154734497070312500e+02
2.112772674560546875e+02
2.150079040527343750e+02
2.129253234863281250e+02
2.322221984863281250e+02
2.164986877441406250e+02
2.174346923828125000e+02
2.116440429687500000e+02
2.177941131591796875e+02
2.124732818603515625e+02
2.158382873535156250e+02
2.219944152832031250e+02
1.941045379638671875e+02
2.242949981689453125e+02
2.144612426757812500e+02
2.181813049316406250e+02
2.178877410888671875e+02
2.223556976318359375e+02
2.289415893554687500e+02
2.137537994384765625e+02
2.227593841552734375e+02
2.200675659179687500e+02
2.204211730957031250e+02
2.263901062011718750e+02
2.152343292236328125e+02
2.238236236572265625e+02
2.212103729248046875e+02
2.188128509521484375e+02
2.221075134277343750e+02
2.283144226074218750e+02
2.171648864746093750e+02
2.291755981445312500e+02
2.326042327880859375e+02
2.436765747070312500e+02
2.233460693359375000e+02
2.251072082519531250e+02
2.342821350097656250e+02
2.352485351562500000e+02
2.364686584472656250e+02
2.110064086914062500e+02
2.447700958251953125e+02
2.314635314941406250e+02
2.072949218750000000e+02
2.522596893310546875e+02
2.437353515625000000e+02
2.525167541503906250e+02
2.436447448730468750e+02
2.427901306152343750e+02
2.511127166748046875e+02
2.245865173339843750e+02
2.439478302001953125e+02
2.503618011474609375e+02
2.486450042724609375e+02
2.759597473144531250e+02
2.559607696533203125e+02
3.265299682617187500e+02
2.823306884765625000e+02
2.750411376953125000e+02
2.777722473144531250e+02
3.222197570800781250e+02
3.466268615722656250e+02
3.506829833984375000e+02
3.345173645019531250e+02
3.831861267089843750e+02
4.586304931640625000e+02
3.342902526855468750e+02
3.457953491210937500e+02
3.665637512207031250e+02
3.373971252441406250e+02
4.950448913574218750e+02
3.698709716796875000e+02
4.497318725585937500e+02
4.665944824218750000e+02
3.678928833007812500e+02
4.515238952636718750e+02
7.229094238281250000e+02
1.014912109375000000e+03
8.569887695312500000e+02
1.044735351562500000e+03
4.564171142578125000e+02
1.026857910156250000e+03
7.280208740234375000e+02
1.001251831054687500e+03
8.970151367187500000e+02
8.442911987304687500e+02
4.417988586425781250e+02
2.308809509277343750e+02
1.978725128173828125e+02
3.417161865234375000e+02
6.666942138671875000e+02
2.597957153320312500e+02
4.527606811523437500e+02
4.677789001464843750e+02
1.588604583740234375e+02
2.677948608398437500e+02
8.774235839843750000e+02
1.554615020751953125e+02
9.310943603515625000e+02
2.924401855468750000e+02
2.294457397460937500e+02
4.215258178710937500e+02
3.302445068359375000e+02
4.628043212890625000e+02
9.861281127929687500e+02
1.036369628906250000e+03
1.007775146484375000e+03
1.039630859375000000e+03
1.002117431640625000e+03
1.038830688476562500e+03
9.010164794921875000e+02
1.009226074218750000e+03
5.671882324218750000e+02
4.906116638183593750e+02
4.135658264160156250e+02
3.864571838378906250e+02
5.467373046875000000e+02
5.443137817382812500e+02
3.000874023437500000e+02
5.954608154296875000e+02
3.551846923828125000e+02
3.667588195800781250e+02
7.431954345703125000e+02
2.734123840332031250e+02
3.877588500976562500e+02
2.519745941162109375e+02
2.680202026367187500e+02
6.373937988281250000e+02
5.876147460937500000e+02
4.253145751953125000e+02
3.043595886230468750e+02
4.876918334960937500e+02
7.382398681640625000e+02
3.186853637695312500e+02
5.432275390625000000e+02
5.757675781250000000e+02
7.784519042968750000e+02
1.092351928710937500e+03
6.218489990234375000e+02
5.308537597656250000e+02
6.866962890625000000e+02
1.085689941406250000e+03
6.184102783203125000e+02
6.920950317382812500e+02
6.002416992187500000e+02
4.701546936035156250e+02
5.626497802734375000e+02
5.875368041992187500e+02
5.911539306640625000e+02
4.012041015625000000e+02
5.082991943359375000e+02
5.274594116210937500e+02
4.221468505859375000e+02
4.709815673828125000e+02
5.019176635742187500e+02
4.297496948242187500e+02
4.957275695800781250e+02
4.710386352539062500e+02
4.726571350097656250e+02
4.346076965332031250e+02
3.054506835937500000e+02
4.671109619140625000e+02
4.805255737304687500e+02
4.987808532714843750e+02
4.581560363769531250e+02
6.411301879882812500e+02
4.537511596679687500e+02
4.110393066406250000e+02
4.630540771484375000e+02
