9.794196128845214844e+00
1.048273658752441406e+01
1.051247119903564453e+01
1.605456733703613281e+01
1.398525428771972656e+01
1.285573577880859375e+01
1.591649532318115234e+01
1.605605316162109375e+01
2.215188217163085938e+01
3.021511268615722656e+01
1.778774070739746094e+01
2.415437316894531250e+01
3.208807754516601562e+01
3.290137481689453125e+01
4.740616226196289062e+01
6.120459747314453125e+01
3.545203018188476562e+01
5.908812713623046875e+01
5.428045272827148438e+01
7.156720733642578125e+01
7.966168212890625000e+01
5.859697341918945312e+01
5.693577957153320312e+01
6.940710449218750000e+01
6.734082031250000000e+01
5.641882324218750000e+01
1.279443359375000000e+02
9.294351959228515625e+01
6.584687805175781250e+01
1.099285964965820312e+02
9.501241302490234375e+01
8.321908569335937500e+01
8.895419311523437500e+01
1.097054519653320312e+02
9.628702545166015625e+01
7.494606018066406250e+01
1.105874633789062500e+02
9.221624755859375000e+01
9.548994445800781250e+01
1.039086532592773438e+02
1.156959609985351562e+02
7.371737670898437500e+01
1.144390640258789062e+02
1.531000976562500000e+02
9.638893127441406250e+01
1.129160079956054688e+02
1.746219940185546875e+02
7.696819305419921875e+01
1.421875457763671875e+02
1.227556991577148438e+02
1.528752441406250000e+02
1.180450668334960938e+02
1.922233276367187500e+02
1.406583557128906250e+02
1.565055541992187500e+02
1.267834091186523438e+02
1.829915466308593750e+02
1.528375854492187500e+02
1.776465454101562500e+02
1.289941558837890625e+02
1.896282043457031250e+02
1.644716339111328125e+02
2.129627227783203125e+02
2.195741882324218750e+02
9.987384033203125000e+01
1.794417419433593750e+02
1.758320465087890625e+02
1.812684783935546875e+02
1.598511047363281250e+02
2.100142974853515625e+02
1.794432678222656250e+02
1.615579528808593750e+02
1.924043273925781250e+02
1.679405822753906250e+02
1.818208465576171875e+02
2.240221405029296875e+02
2.214183654785156250e+02
2.322161865234375000e+02
2.046956329345703125e+02
2.128186798095703125e+02
1.706130981445312500e+02
2.149053955078125000e+02
2.162039794921875000e+02
2.197241516113281250e+02
1.811106872558593750e+02
2.328040618896484375e+02
2.296538696289062500e+02
2.021140441894531250e+02
2.209709014892578125e+02
2.096950225830078125e+02
1.999935607910156250e+02
2.255397338867187500e+02
2.190017395019531250e+02
2.118589630126953125e+02
1.789032287597656250e+02
2.153400573730468750e+02
2.219665222167968750e+02
2.275827941894531250e+02
2.208528442382812500e+02
2.303893737792968750e+02
2.321100158691406250e+02
2.179658966064453125e+02
2.290080108642578125e+02
2.243066711425781250e+02
2.228467864990234375e+02
2.014417266845703125e+02
2.153992462158203125e+02
2.206443634033203125e+02
2.276017608642578125e+02
2.188087158203125000e+02
2.124456787109375000e+02
2.219070739746093750e+02
2.279533538818359375e+02
2.287913513183593750e+02
2.229887695312500000e+02
2.236000518798828125e+02
2.288203887939453125e+02
2.227809906005859375e+02
2.069562530517578125e+02
2.114234161376953125e+02
2.005294494628906250e+02
2.298298950195312500e+02
2.218226013183593750e+02
2.318741912841796875e+02
2.338647918701171875e+02
2.245344543457031250e+02
2.284037628173828125e+02
2.256429748535156250e+02
2.256943054199218750e+02
2.230384216308593750e+02
2.286527099609375000e+02
2.335936584472656250e+02
1.708384094238281250e+02
2.154468231201171875e+02
2.278258666992187500e+02
2.256393127441406250e+02
2.227127685546875000e+02
2.257389526367187500e+02
2.394195556640625000e+02
2.302665100097656250e+02
2.277304687500000000e+02
2.244374694824218750e+02
2.249121704101562500e+02
2.225761566162109375e+02
2.306167907714843750e+02
2.412442016601562500e+02
2.317603454589843750e+02
2.283291931152343750e+02
2.211105651855468750e+02
2.391555328369140625e+02
2.232761230468750000e+02
2.255942993164062500e+02
2.371481933593750000e+02
2.366361389160156250e+02
2.412019348144531250e+02
2.268801727294921875e+02
2.412175598144531250e+02
2.598374328613281250e+02
2.387860717773437500e+02
2.477640686035156250e+02
2.524487609863281250e+02
2.334782104492187500e+02
2.298383178710937500e+02
2.438563995361328125e+02
2.123248596191406250e+02
2.430030975341796875e+02
2.347565612792968750e+02
2.397020416259765625e+02
2.604087219238281250e+02
2.412709503173828125e+02
2.585040893554687500e+02
2.261375732421875000e+02
2.154887237548828125e+02
2.468171844482421875e+02
2.423778533935546875e+02
2.414668273925781250e+02
2.485306396484375000e+02
2.608864135742187500e+02
2.478491668701171875e+02
2.446997375488281250e+02
2.449539794921875000e+02
2.502735748291015625e+02
2.276027832031250000e+02
2.390909576416015625e+02
2.445876159667968750e+02
2.575888671875000000e+02
2.465772857666015625e+02
2.707718200683593750e+02
2.422810211181640625e+02
2.845479125976562500e+02
2.501293334960937500e+02
2.499623718261718750e+02
2.467677764892578125e+02
2.678056945800781250e+02
2.470071258544921875e+02
2.312966003417968750e+02
2.574429626464843750e+02
2.379920196533203125e+02
2.339067840576171875e+02
2.618171386718750000e+02
2.765046691894531250e+02
2.737864990234375000e+02
2.790830078125000000e+02
2.734220581054687500e+02
2.939227294921875000e+02
2.634639892578125000e+02
2.802837219238281250e+02
2.756574707031250000e+02
3.122279052734375000e+02
3.266985168457031250e+02
3.265588989257812500e+02
3.182229919433593750e+02
3.360698547363281250e+02
2.962112731933593750e+02
3.491424865722656250e+02
3.386764831542968750e+02
3.932593383789062500e+02
3.246061706542968750e+02
3.798340148925781250e+02
4.042793579101562500e+02
3.786074523925781250e+02
3.156265563964843750e+02
3.620406188964843750e+02
3.739516906738281250e+02
3.713429260253906250e+02
3.954237060546875000e+02
3.798250732421875000e+02
3.733802795410156250e+02
3.996475830078125000e+02
3.586822814941406250e+02
3.932164306640625000e+02
3.697604064941406250e+02
2.993553161621093750e+02
3.697785644531250000e+02
3.505665283203125000e+02
3.722019348144531250e+02
3.963078002929687500e+02
3.555140075683593750e+02
4.070209350585937500e+02
4.051485900878906250e+02
3.621355895996093750e+02
3.015475158691406250e+02
3.608700256347656250e+02
3.870823669433593750e+02
3.404501037597656250e+02
2.880243835449218750e+02
3.569422912597656250e+02
2.801488952636718750e+02
3.889889221191406250e+02
3.594230651855468750e+02
4.492301330566406250e+02
3.505559387207031250e+02
3.820173339843750000e+02
3.915802917480468750e+02
3.104117431640625000e+02
5.920080566406250000e+02
3.089960021972656250e+02
2.891759643554687500e+02
3.654462585449218750e+02
3.271389465332031250e+02
4.003612365722656250e+02
3.777032775878906250e+02
3.471937561035156250e+02
3.233655090332031250e+02
2.994087524414062500e+02
5.646865234375000000e+02
4.936544799804687500e+02
3.548157958984375000e+02
3.523011169433593750e+02
4.605751647949218750e+02
3.153986511230468750e+02
4.188975524902343750e+02
3.775415954589843750e+02
3.708055114746093750e+02
4.383402404785156250e+02
3.339300231933593750e+02
3.472308349609375000e+02
4.020303955078125000e+02
2.808006591796875000e+02
3.742165527343750000e+02
4.080574645996093750e+02
5.221722412109375000e+02
3.919254455566406250e+02
3.438135070800781250e+02
5.063816528320312500e+02
5.817691040039062500e+02
5.595555419921875000e+02
5.322905273437500000e+02
5.125854492187500000e+02
5.152849121093750000e+02
5.402685546875000000e+02
3.730925598144531250e+02
6.947684936523437500e+02
3.796181640625000000e+02
3.622398071289062500e+02
5.257246093750000000e+02
5.270391235351562500e+02
6.605134277343750000e+02
6.119547729492187500e+02
3.398808593750000000e+02
