9.438114166259765625e+00
9.886116027832031250e+00
9.814878463745117188e+00
1.280277156829833984e+01
1.478910160064697266e+01
1.257717895507812500e+01
1.406204891204833984e+01
1.341697597503662109e+01
1.692205619812011719e+01
2.510074806213378906e+01
1.503565883636474609e+01
1.510981369018554688e+01
2.142353057861328125e+01
2.471496963500976562e+01
3.747769927978515625e+01
4.753578186035156250e+01
2.062843704223632812e+01
4.242266845703125000e+01
7.347469329833984375e+01
3.618220901489257812e+01
5.415488433837890625e+01
7.532054138183593750e+01
5.962874221801757812e+01
7.968669891357421875e+01
6.677037811279296875e+01
5.208666992187500000e+01
7.444937133789062500e+01
6.916846466064453125e+01
1.032756423950195312e+02
9.150587463378906250e+01
1.007629013061523438e+02
7.798261260986328125e+01
1.091888809204101562e+02
9.483001708984375000e+01
1.042781295776367188e+02
1.211863861083984375e+02
9.775978088378906250e+01
1.062822875976562500e+02
1.017060317993164062e+02
9.357792663574218750e+01
9.652406311035156250e+01
1.095110397338867188e+02
9.687957763671875000e+01
9.954154205322265625e+01
7.327197265625000000e+01
1.131650619506835938e+02
7.691259765625000000e+01
9.574340820312500000e+01
9.571437835693359375e+01
1.046545867919921875e+02
1.286878509521484375e+02
1.221202774047851562e+02
1.028430938720703125e+02
1.383483428955078125e+02
1.259430694580078125e+02
1.375514221191406250e+02
1.141659545898437500e+02
1.104737167358398438e+02
1.063113937377929688e+02
1.247987518310546875e+02
1.276624755859375000e+02
1.358528289794921875e+02
1.759950408935546875e+02
1.317034912109375000e+02
1.647421569824218750e+02
1.965811462402343750e+02
1.762116699218750000e+02
1.586970062255859375e+02
1.462351379394531250e+02
1.659411315917968750e+02
1.128801498413085938e+02
1.093741073608398438e+02
1.715828552246093750e+02
1.523086090087890625e+02
1.660821838378906250e+02
1.904202270507812500e+02
2.189661712646484375e+02
1.498218231201171875e+02
1.778756408691406250e+02
1.949248504638671875e+02
1.764060058593750000e+02
1.762560272216796875e+02
1.768026885986328125e+02
1.732344055175781250e+02
1.540897521972656250e+02
1.727213897705078125e+02
1.708768615722656250e+02
2.050550842285156250e+02
1.989883422851562500e+02
1.713455047607421875e+02
1.981716613769531250e+02
1.894708709716796875e+02
1.551243133544921875e+02
2.054991760253906250e+02
1.956029510498046875e+02
2.098208465576171875e+02
1.897969970703125000e+02
1.966446228027343750e+02
2.115112762451171875e+02
1.990864562988281250e+02
2.069515380859375000e+02
2.119495086669921875e+02
2.181518859863281250e+02
2.108644714355468750e+02
1.897578125000000000e+02
1.927425994873046875e+02
2.124231719970703125e+02
2.242138977050781250e+02
2.349112243652343750e+02
2.072849121093750000e+02
1.993039855957031250e+02
2.240785064697265625e+02
2.241476135253906250e+02
2.239250793457031250e+02
1.931881256103515625e+02
2.258589019775390625e+02
2.279744873046875000e+02
2.223006744384765625e+02
2.113771820068359375e+02
1.960703125000000000e+02
2.206729431152343750e+02
2.527498779296875000e+02
2.189114074707031250e+02
2.067959442138671875e+02
2.234629516601562500e+02
2.233922119140625000e+02
2.078396453857421875e+02
2.341593322753906250e+02
2.403134002685546875e+02
2.382957153320312500e+02
2.141664276123046875e+02
2.183430633544921875e+02
2.283300476074218750e+02
2.276583709716796875e+02
2.317738800048828125e+02
2.604900207519531250e+02
2.135429840087890625e+02
2.348031921386718750e+02
2.443734436035156250e+02
2.305722961425781250e+02
2.269538574218750000e+02
2.373762817382812500e+02
2.266321716308593750e+02
2.370136718750000000e+02
2.349293060302734375e+02
2.555763092041015625e+02
2.391088714599609375e+02
2.380240936279296875e+02
2.374729003906250000e+02
2.455626525878906250e+02
1.954423828125000000e+02
2.346511077880859375e+02
2.339757537841796875e+02
1.954415893554687500e+02
2.492898864746093750e+02
2.513612060546875000e+02
2.678746948242187500e+02
2.647710571289062500e+02
2.706824645996093750e+02
2.215131225585937500e+02
2.859662780761718750e+02
2.660282897949218750e+02
2.610388488769531250e+02
2.594949951171875000e+02
2.599503173828125000e+02
2.722289733886718750e+02
2.768341369628906250e+02
2.872839355468750000e+02
2.941748657226562500e+02
2.722795410156250000e+02
2.788583068847656250e+02
2.755006408691406250e+02
2.787374572753906250e+02
2.881828308105468750e+02
2.545583648681640625e+02
2.833182067871093750e+02
3.036369628906250000e+02
3.099133300781250000e+02
3.077412719726562500e+02
3.794223632812500000e+02
3.118033142089843750e+02
3.183192138671875000e+02
3.727354431152343750e+02
3.674768371582031250e+02
3.923322753906250000e+02
3.705084228515625000e+02
4.228858032226562500e+02
3.218590087890625000e+02
2.928039245605468750e+02
4.937293090820312500e+02
3.610496215820312500e+02
4.066744384765625000e+02
2.896389465332031250e+02
4.217970581054687500e+02
4.276180419921875000e+02
3.765071105957031250e+02
7.136185913085937500e+02
2.772589111328125000e+02
4.011387939453125000e+02
4.842938842773437500e+02
3.226218261718750000e+02
4.115733947753906250e+02
5.329985351562500000e+02
4.923246459960937500e+02
4.603991699218750000e+02
4.061484375000000000e+02
4.565088500976562500e+02
5.131667480468750000e+02
4.269183044433593750e+02
3.823768615722656250e+02
4.893432006835937500e+02
3.069946899414062500e+02
4.432139892578125000e+02
3.084352111816406250e+02
3.254522705078125000e+02
3.941606140136718750e+02
4.598297729492187500e+02
4.531486511230468750e+02
4.550884704589843750e+02
3.750906372070312500e+02
4.409298706054687500e+02
4.009000244140625000e+02
3.744468994140625000e+02
3.199674072265625000e+02
4.065797729492187500e+02
3.672518310546875000e+02
4.304166259765625000e+02
4.000052490234375000e+02
3.947485351562500000e+02
4.557796020507812500e+02
4.615142211914062500e+02
4.170555114746093750e+02
3.408448181152343750e+02
4.095054626464843750e+02
3.951190185546875000e+02
4.072583923339843750e+02
3.690594787597656250e+02
4.464432678222656250e+02
3.556918945312500000e+02
4.326990966796875000e+02
3.627105102539062500e+02
3.672720031738281250e+02
2.917068786621093750e+02
3.968877868652343750e+02
3.472294006347656250e+02
2.635814208984375000e+02
4.180593261718750000e+02
4.773695068359375000e+02
3.125274658203125000e+02
3.011338500976562500e+02
4.590529479980468750e+02
9.160310058593750000e+02
3.193025207519531250e+02
3.078772888183593750e+02
4.530075378417968750e+02
4.864008178710937500e+02
3.126203613281250000e+02
4.969672241210937500e+02
3.138409423828125000e+02
5.584907226562500000e+02
3.558316345214843750e+02
4.121981506347656250e+02
4.003450927734375000e+02
5.795141601562500000e+02
4.596248168945312500e+02
2.996459960937500000e+02
3.063602600097656250e+02
6.864039916992187500e+02
4.359443054199218750e+02
5.049773864746093750e+02
7.407222900390625000e+02
4.132504272460937500e+02
4.213084716796875000e+02
4.921253967285156250e+02
5.203520507812500000e+02
6.068494873046875000e+02
6.454959106445312500e+02
4.112048339843750000e+02
6.479370117187500000e+02
4.473753356933593750e+02
3.465932312011718750e+02
4.384235839843750000e+02
8.243621826171875000e+02
4.903366699218750000e+02
4.516751403808593750e+02
3.125546264648437500e+02
6.761815185546875000e+02
1.053674072265625000e+03
3.581654052734375000e+02
4.492460632324218750e+02
5.355272827148437500e+02
3.409409484863281250e+02
6.817796020507812500e+02
5.913260498046875000e+02
6.370030517578125000e+02
5.777677612304687500e+02
6.223262939453125000e+02
4.764040222167968750e+02
2.945515747070312500e+02
1.154172851562500000e+03
