9.409976005554199219e+00
1.030885219573974609e+01
9.799425125122070312e+00
1.414964008331298828e+01
1.403589248657226562e+01
1.288375473022460938e+01
1.479653835296630859e+01
1.332914257049560547e+01
1.583234882354736328e+01
2.715853691101074219e+01
1.384813880920410156e+01
1.576040363311767578e+01
2.607199478149414062e+01
2.348342132568359375e+01
4.158587265014648438e+01
1.857627677917480469e+01
1.987620162963867188e+01
4.004360580444335938e+01
9.028072357177734375e+01
4.615209197998046875e+01
3.294413375854492188e+01
5.318448638916015625e+01
4.949270248413085938e+01
4.595156860351562500e+01
4.694705963134765625e+01
5.169091796875000000e+01
9.270280456542968750e+01
7.207893371582031250e+01
5.660070037841796875e+01
1.098251266479492188e+02
8.745817565917968750e+01
8.040448760986328125e+01
9.249591064453125000e+01
8.714935302734375000e+01
1.051270523071289062e+02
1.102736511230468750e+02
1.031320419311523438e+02
7.789784240722656250e+01
7.655826568603515625e+01
1.116180191040039062e+02
8.776437377929687500e+01
7.350558471679687500e+01
1.029719696044921875e+02
8.022135925292968750e+01
8.937757873535156250e+01
1.102169570922851562e+02
1.143130722045898438e+02
8.203726196289062500e+01
1.001083374023437500e+02
8.543459320068359375e+01
1.205125045776367188e+02
1.009068603515625000e+02
1.285308990478515625e+02
1.280184478759765625e+02
9.237355041503906250e+01
1.000733261108398438e+02
1.418799438476562500e+02
1.240804214477539062e+02
1.116520462036132812e+02
1.568736572265625000e+02
1.341887359619140625e+02
1.111605224609375000e+02
1.091413421630859375e+02
1.531089172363281250e+02
1.099834365844726562e+02
2.117777709960937500e+02
1.170232315063476562e+02
1.591812286376953125e+02
1.693233032226562500e+02
1.175147552490234375e+02
1.078477401733398438e+02
1.636569671630859375e+02
1.772442474365234375e+02
1.762710418701171875e+02
1.688646240234375000e+02
1.301796417236328125e+02
1.533800506591796875e+02
1.984172668457031250e+02
1.654323883056640625e+02
1.813946533203125000e+02
2.128170471191406250e+02
1.960630798339843750e+02
2.104701385498046875e+02
2.202257385253906250e+02
1.643370819091796875e+02
2.157725372314453125e+02
2.088149414062500000e+02
2.172924957275390625e+02
1.960337829589843750e+02
1.957494812011718750e+02
1.774471130371093750e+02
1.704593963623046875e+02
1.623962860107421875e+02
2.042295989990234375e+02
2.110090637207031250e+02
1.967413330078125000e+02
2.061507873535156250e+02
1.946591796875000000e+02
2.055658264160156250e+02
2.180561828613281250e+02
1.850709838867187500e+02
2.078949737548828125e+02
2.143921203613281250e+02
2.240258026123046875e+02
1.830462188720703125e+02
2.055118103027343750e+02
2.056327209472656250e+02
1.988869018554687500e+02
2.262944030761718750e+02
1.562312469482421875e+02
2.223783874511718750e+02
2.274104614257812500e+02
2.169915313720703125e+02
2.213614807128906250e+02
2.272096862792968750e+02
2.189802703857421875e+02
2.415444183349609375e+02
2.160528259277343750e+02
2.050382385253906250e+02
2.128727111816406250e+02
2.021160888671875000e+02
2.269895935058593750e+02
2.162808074951171875e+02
2.203542022705078125e+02
2.252052917480468750e+02
2.192456817626953125e+02
2.000685882568359375e+02
1.888508148193359375e+02
2.241004943847656250e+02
2.132717590332031250e+02
2.073831024169921875e+02
1.973552246093750000e+02
2.257972412109375000e+02
1.852929382324218750e+02
2.228116455078125000e+02
2.230700378417968750e+02
2.177425842285156250e+02
2.223472290039062500e+02
2.295766296386718750e+02
2.349998626708984375e+02
2.243407897949218750e+02
2.185216674804687500e+02
2.220341949462890625e+02
2.283811950683593750e+02
2.272299499511718750e+02
2.387467041015625000e+02
2.314166717529296875e+02
2.310499725341796875e+02
2.309479827880859375e+02
2.417671813964843750e+02
2.446671600341796875e+02
2.205047302246093750e+02
2.375210266113281250e+02
2.271516113281250000e+02
2.316844787597656250e+02
2.327823944091796875e+02
2.022253723144531250e+02
2.282897033691406250e+02
2.365652465820312500e+02
2.373745574951171875e+02
2.095112304687500000e+02
2.367205352783203125e+02
2.291852874755859375e+02
2.352984619140625000e+02
2.318806610107421875e+02
2.436509857177734375e+02
2.304417724609375000e+02
2.388072662353515625e+02
2.147147674560546875e+02
2.418791046142578125e+02
2.379612731933593750e+02
2.252401275634765625e+02
2.311530303955078125e+02
2.300869140625000000e+02
2.332060699462890625e+02
2.318603973388671875e+02
2.368393859863281250e+02
2.291154479980468750e+02
2.287531738281250000e+02
2.338754577636718750e+02
2.263981933593750000e+02
2.586221008300781250e+02
2.428221588134765625e+02
2.415682373046875000e+02
2.355708007812500000e+02
2.345401153564453125e+02
2.407226562500000000e+02
2.420515899658203125e+02
2.460841674804687500e+02
2.537653045654296875e+02
2.475943603515625000e+02
2.421727447509765625e+02
2.255132141113281250e+02
2.497867126464843750e+02
2.379520568847656250e+02
2.476879119873046875e+02
2.469617156982421875e+02
2.469528808593750000e+02
2.388984985351562500e+02
2.393854370117187500e+02
2.298933868408203125e+02
2.592784118652343750e+02
2.465464630126953125e+02
2.446435241699218750e+02
2.403165893554687500e+02
2.441308135986328125e+02
2.203128356933593750e+02
2.626580810546875000e+02
2.535146331787109375e+02
2.769855651855468750e+02
2.737746887207031250e+02
2.423130798339843750e+02
2.663434143066406250e+02
2.459728088378906250e+02
2.543428649902343750e+02
2.789954528808593750e+02
2.658592224121093750e+02
2.436050872802734375e+02
2.810416259765625000e+02
2.508738861083984375e+02
2.698850402832031250e+02
2.941771545410156250e+02
2.698306884765625000e+02
2.788175964355468750e+02
2.747840270996093750e+02
2.890034484863281250e+02
2.977167358398437500e+02
3.002789306640625000e+02
2.888901062011718750e+02
2.800043029785156250e+02
3.065290832519531250e+02
3.056346130371093750e+02
2.655574035644531250e+02
3.307975158691406250e+02
3.541022949218750000e+02
3.517756652832031250e+02
3.499362792968750000e+02
3.173195800781250000e+02
3.280517272949218750e+02
3.401704101562500000e+02
3.544074707031250000e+02
3.540384521484375000e+02
3.545463867187500000e+02
3.152267761230468750e+02
3.382583923339843750e+02
3.420871582031250000e+02
3.481300048828125000e+02
3.938421630859375000e+02
4.061801147460937500e+02
3.478818969726562500e+02
4.054967956542968750e+02
4.415642700195312500e+02
3.383845214843750000e+02
3.824821472167968750e+02
4.049743041992187500e+02
3.678773498535156250e+02
3.793793334960937500e+02
4.083388061523437500e+02
3.713420410156250000e+02
5.052136535644531250e+02
4.440016479492187500e+02
4.324890136718750000e+02
3.671434326171875000e+02
3.775733642578125000e+02
3.800080566406250000e+02
4.193504333496093750e+02
3.809219970703125000e+02
3.875532226562500000e+02
3.754181518554687500e+02
3.853916015625000000e+02
3.143689880371093750e+02
3.841358337402343750e+02
3.897749938964843750e+02
4.140042419433593750e+02
3.894059448242187500e+02
3.855796508789062500e+02
3.517689208984375000e+02
4.479168701171875000e+02
3.992141113281250000e+02
3.888313903808593750e+02
4.162213439941406250e+02
3.606951599121093750e+02
3.460586853027343750e+02
3.984885253906250000e+02
4.409602661132812500e+02
3.804616699218750000e+02
3.678121643066406250e+02
4.136694335937500000e+02
3.669649353027343750e+02
4.034019165039062500e+02
3.799852600097656250e+02
3.778840332031250000e+02
4.435250854492187500e+02
3.643257141113281250e+02
3.682137145996093750e+02
3.975039062500000000e+02
4.002723388671875000e+02
4.129096374511718750e+02
3.907972717285156250e+02
3.509185485839843750e+02
