9.226800918579101562e+00
1.000495433807373047e+01
9.898488044738769531e+00
1.431364727020263672e+01
1.460720062255859375e+01
1.530199527740478516e+01
1.640253067016601562e+01
1.428170871734619141e+01
1.659776878356933594e+01
2.332885360717773438e+01
1.527159214019775391e+01
1.557534027099609375e+01
2.558329963684082031e+01
2.129729652404785156e+01
5.571455001831054688e+01
3.538254165649414062e+01
2.230930519104003906e+01
4.201966476440429688e+01
6.778050231933593750e+01
9.932950592041015625e+01
7.394175720214843750e+01
5.474024581909179688e+01
8.258044433593750000e+01
8.650931549072265625e+01
6.492008972167968750e+01
5.611709976196289062e+01
8.776074218750000000e+01
8.046273040771484375e+01
5.213994216918945312e+01
8.263404846191406250e+01
9.456741333007812500e+01
1.020125503540039062e+02
1.085215911865234375e+02
8.234879302978515625e+01
1.009343490600585938e+02
1.358441925048828125e+02
1.018934326171875000e+02
1.034508819580078125e+02
8.242059326171875000e+01
1.045966186523437500e+02
7.733122253417968750e+01
7.813227844238281250e+01
1.107138137817382812e+02
9.018031311035156250e+01
1.003715362548828125e+02
1.082893295288085938e+02
1.048863601684570312e+02
8.992402648925781250e+01
1.039676742553710938e+02
1.062070083618164062e+02
1.219028396606445312e+02
1.206329574584960938e+02
1.347683258056640625e+02
1.353347015380859375e+02
1.380868072509765625e+02
1.353694915771484375e+02
1.548034667968750000e+02
1.076454010009765625e+02
1.471182556152343750e+02
1.204915695190429688e+02
1.424956207275390625e+02
1.423383178710937500e+02
1.623455657958984375e+02
1.779461822509765625e+02
1.222610931396484375e+02
1.642088012695312500e+02
1.444778900146484375e+02
1.688536376953125000e+02
2.167377166748046875e+02
1.715715179443359375e+02
1.479893646240234375e+02
1.767260742187500000e+02
1.510458221435546875e+02
1.585096282958984375e+02
1.648906555175781250e+02
1.641141662597656250e+02
1.514243774414062500e+02
1.680845489501953125e+02
1.803147277832031250e+02
1.926045684814453125e+02
1.900072937011718750e+02
1.995318603515625000e+02
1.668079528808593750e+02
2.096888885498046875e+02
1.636543121337890625e+02
2.152253723144531250e+02
2.178829345703125000e+02
2.203687896728515625e+02
1.879413452148437500e+02
1.746515655517578125e+02
2.314057922363281250e+02
2.135659637451171875e+02
1.982425231933593750e+02
2.205065917968750000e+02
1.587124938964843750e+02
2.297405853271484375e+02
2.178319854736328125e+02
2.270177154541015625e+02
2.238050842285156250e+02
1.968226928710937500e+02
2.286978149414062500e+02
2.137057952880859375e+02
2.217974090576171875e+02
2.326449127197265625e+02
1.957930755615234375e+02
2.263845367431640625e+02
2.333921051025390625e+02
2.350228271484375000e+02
2.137441101074218750e+02
2.373169555664062500e+02
2.256873168945312500e+02
2.155008544921875000e+02
2.221460876464843750e+02
2.077734222412109375e+02
2.099846038818359375e+02
2.262147216796875000e+02
2.207069702148437500e+02
2.269464416503906250e+02
2.255239257812500000e+02
2.268954772949218750e+02
2.245813903808593750e+02
2.287136230468750000e+02
2.271663818359375000e+02
2.179642333984375000e+02
2.232817993164062500e+02
2.186403503417968750e+02
2.096996917724609375e+02
2.322283782958984375e+02
2.243019866943359375e+02
2.377460021972656250e+02
2.345724182128906250e+02
2.498748321533203125e+02
2.229049377441406250e+02
2.118430633544921875e+02
2.379554443359375000e+02
2.412000122070312500e+02
2.029488525390625000e+02
2.420972137451171875e+02
2.346481323242187500e+02
2.235547943115234375e+02
2.294610900878906250e+02
2.409237518310546875e+02
2.394821166992187500e+02
2.451565093994140625e+02
2.429275970458984375e+02
2.485602111816406250e+02
2.321196746826171875e+02
2.236701965332031250e+02
2.238028717041015625e+02
2.574205322265625000e+02
2.425187683105468750e+02
2.473624877929687500e+02
2.494557800292968750e+02
2.355857849121093750e+02
2.255185852050781250e+02
2.422602539062500000e+02
2.673418884277343750e+02
2.295344238281250000e+02
2.508226623535156250e+02
2.718468627929687500e+02
2.161050720214843750e+02
2.699683227539062500e+02
2.650867614746093750e+02
2.492164306640625000e+02
2.582975158691406250e+02
2.558115997314453125e+02
2.628555908203125000e+02
2.710635070800781250e+02
2.637985229492187500e+02
2.077288055419921875e+02
2.768950195312500000e+02
2.060193481445312500e+02
2.750485534667968750e+02
1.976871032714843750e+02
2.681531677246093750e+02
2.670108947753906250e+02
2.342617034912109375e+02
2.751867980957031250e+02
2.948648376464843750e+02
2.981015625000000000e+02
2.990718078613281250e+02
3.083116760253906250e+02
2.891256408691406250e+02
2.564031982421875000e+02
2.869148864746093750e+02
2.854041748046875000e+02
3.547652282714843750e+02
2.797142639160156250e+02
2.791156311035156250e+02
3.047050476074218750e+02
3.313319396972656250e+02
3.679255676269531250e+02
3.420426635742187500e+02
3.592037658691406250e+02
2.841047058105468750e+02
3.328244628906250000e+02
2.700133666992187500e+02
3.561945800781250000e+02
2.995846862792968750e+02
3.064546813964843750e+02
3.677969360351562500e+02
3.285899047851562500e+02
3.608406982421875000e+02
3.653919372558593750e+02
3.008920593261718750e+02
3.387474060058593750e+02
3.275473632812500000e+02
4.245045166015625000e+02
3.723252258300781250e+02
4.797052612304687500e+02
3.711979675292968750e+02
3.331857299804687500e+02
2.709310607910156250e+02
4.437525939941406250e+02
3.596805419921875000e+02
3.926203002929687500e+02
4.088943786621093750e+02
3.373120422363281250e+02
3.792335205078125000e+02
4.365992736816406250e+02
3.261840209960937500e+02
4.534812316894531250e+02
3.892985839843750000e+02
4.035458984375000000e+02
4.672897949218750000e+02
4.522347412109375000e+02
4.150403442382812500e+02
4.213777465820312500e+02
4.611347656250000000e+02
4.533165893554687500e+02
4.385642700195312500e+02
4.188201904296875000e+02
4.930404968261718750e+02
4.592326660156250000e+02
4.113302001953125000e+02
3.821821289062500000e+02
3.438998718261718750e+02
4.269905090332031250e+02
4.037546386718750000e+02
3.589263305664062500e+02
3.814412231445312500e+02
3.514409790039062500e+02
3.947966308593750000e+02
3.693351440429687500e+02
3.147469177246093750e+02
3.531021728515625000e+02
3.475676269531250000e+02
3.827880554199218750e+02
4.003014221191406250e+02
3.276556701660156250e+02
3.349082336425781250e+02
3.617034912109375000e+02
3.802328186035156250e+02
4.524964599609375000e+02
3.623230895996093750e+02
4.042576293945312500e+02
3.532276916503906250e+02
3.833672180175781250e+02
3.769795837402343750e+02
3.947129516601562500e+02
3.847308044433593750e+02
3.995240478515625000e+02
3.576388854980468750e+02
3.983535766601562500e+02
3.756988830566406250e+02
3.547272033691406250e+02
3.463134765625000000e+02
3.642700195312500000e+02
3.842347717285156250e+02
3.888998107910156250e+02
3.329613037109375000e+02
3.503606262207031250e+02
3.496783752441406250e+02
3.606871032714843750e+02
3.751512756347656250e+02
2.774902038574218750e+02
3.526119689941406250e+02
3.725250549316406250e+02
3.139414367675781250e+02
3.355670471191406250e+02
3.572041931152343750e+02
3.431117858886718750e+02
3.389782714843750000e+02
4.077557678222656250e+02
3.452776794433593750e+02
3.500800781250000000e+02
3.712034912109375000e+02
3.658541564941406250e+02
3.054859619140625000e+02
3.663277587890625000e+02
3.543045959472656250e+02
3.557125549316406250e+02
3.632112731933593750e+02
3.778748474121093750e+02
3.954586486816406250e+02
3.662440185546875000e+02
3.721099548339843750e+02
3.562158508300781250e+02
3.288997497558593750e+02
3.556621093750000000e+02
