1.316129016876220703e+01
3.153846168518066406e+01
1.684000015258789062e+01
2.050000000000000000e+01
1.795652198791503906e+01
3.361538314819335938e+01
4.522222137451171875e+01
5.137500000000000000e+01
4.363636398315429688e+01
3.541666793823242188e+01
4.250000000000000000e+01
2.764705848693847656e+01
4.170000076293945312e+01
5.612500000000000000e+01
6.200000000000000000e+01
6.457142639160156250e+01
8.640000152587890625e+01
4.590000152587890625e+01
5.212500000000000000e+01
3.153846168518066406e+01
2.564705848693847656e+01
3.872727203369140625e+01
5.712500000000000000e+01
6.485713958740234375e+01
8.840000152587890625e+01
1.117500000000000000e+02
1.610000000000000000e+02
2.555000000000000000e+02
4.300000000000000000e+02
5.020000000000000000e+02
4.355000000000000000e+02
2.855000000000000000e+02
1.000000000000000000e+03
1.560000000000000000e+02
6.385714340209960938e+01
4.159999847412109375e+01
3.123077011108398438e+01
3.690909194946289062e+01
3.261538314819335938e+01
3.176922988891601562e+01
2.935714340209960938e+01
2.537500000000000000e+01
3.366666793823242188e+01
3.575000000000000000e+01
3.491666793823242188e+01
3.153846168518066406e+01
3.500000000000000000e+01
3.292307662963867188e+01
3.115384674072265625e+01
4.059999847412109375e+01
3.366666793823242188e+01
3.000000000000000000e+01
2.985714340209960938e+01
3.516666793823242188e+01
6.271428680419921875e+01
1.566000061035156250e+02
9.090000000000000000e+02
1.000000000000000000e+03
6.980000000000000000e+02
9.559999847412109375e+01
8.780000305175781250e+01
5.025000000000000000e+01
4.477777862548828125e+01
3.169230842590332031e+01
6.342856979370117188e+01
1.061999969482421875e+02
6.783333587646484375e+01
8.659999847412109375e+01
1.333333282470703125e+02
1.242500000000000000e+02
1.220000000000000000e+02
1.117500000000000000e+02
1.230000000000000000e+02
8.300000000000000000e+01
1.137500000000000000e+02
1.135000000000000000e+02
8.819999694824218750e+01
9.240000152587890625e+01
1.035000000000000000e+02
1.200000000000000000e+02
7.716666412353515625e+01
8.580000305175781250e+01
9.240000152587890625e+01
9.419999694824218750e+01
1.843333282470703125e+02
1.007500000000000000e+02
8.759999847412109375e+01
2.720000000000000000e+02
1.363333282470703125e+02
1.325000000000000000e+02
1.546666717529296875e+02
2.973333435058593750e+02
2.755000000000000000e+02
1.616666717529296875e+02
4.460000000000000000e+02
2.116666717529296875e+02
1.372500000000000000e+02
1.450000000000000000e+02
9.180000305175781250e+01
1.115000000000000000e+02
