7.692307472229003906e+00
2.266666603088378906e+01
2.025000000000000000e+01
2.010000038146972656e+01
2.643750000000000000e+01
6.300000000000000000e+01
3.809090805053710938e+01
1.197142887115478516e+01
2.014999961853027344e+01
6.112500000000000000e+01
8.883333587646484375e+01
7.183333587646484375e+01
4.229999923706054688e+01
3.441666793823242188e+01
3.408333206176757812e+01
3.650000000000000000e+01
5.125000000000000000e+01
5.022222137451171875e+01
6.157143020629882812e+01
7.057142639160156250e+01
5.725000000000000000e+01
3.500000000000000000e+01
4.600000000000000000e+01
4.150000000000000000e+01
5.362500000000000000e+01
5.928571319580078125e+01
7.383333587646484375e+01
7.333333587646484375e+01
1.022500000000000000e+02
1.010000000000000000e+02
2.686666679382324219e+01
5.957143020629882812e+01
5.450000000000000000e+01
5.000000000000000000e+01
4.866666793823242188e+01
3.566666793823242188e+01
1.821739196777343750e+01
1.360000038146972656e+01
3.042857170104980469e+01
4.329999923706054688e+01
4.666666793823242188e+01
4.455555725097656250e+01
5.212500000000000000e+01
5.077777862548828125e+01
6.414286041259765625e+01
6.442857360839843750e+01
7.150000000000000000e+01
1.392500000000000000e+02
1.167500000000000000e+02
1.550000000000000000e+02
1.222500000000000000e+02
9.419999694824218750e+01
9.180000305175781250e+01
9.459999847412109375e+01
8.340000152587890625e+01
7.833333587646484375e+01
6.983333587646484375e+01
6.114285659790039062e+01
5.900000000000000000e+01
5.662500000000000000e+01
4.459999847412109375e+01
5.742856979370117188e+01
6.128571319580078125e+01
6.800000000000000000e+01
6.866666412353515625e+01
7.150000000000000000e+01
7.233333587646484375e+01
7.416666412353515625e+01
7.250000000000000000e+01
7.516666412353515625e+01
7.183333587646484375e+01
6.766666412353515625e+01
6.766666412353515625e+01
7.083333587646484375e+01
7.150000000000000000e+01
7.250000000000000000e+01
7.066666412353515625e+01
6.950000000000000000e+01
7.333333587646484375e+01
4.622222137451171875e+01
3.538461685180664062e+01
3.285714340209960938e+01
4.555555725097656250e+01
2.277777862548828125e+01
1.739999961853027344e+01
2.033333396911621094e+01
3.171428489685058594e+01
1.877272796630859375e+01
2.019047546386718750e+01
4.300000000000000000e+01
4.290000152587890625e+01
4.520000076293945312e+01
6.950000000000000000e+01
6.114285659790039062e+01
5.044444274902343750e+01
8.519999694824218750e+01
6.657142639160156250e+01
8.019999694824218750e+01
9.319999694824218750e+01
1.045000000000000000e+02
