7.843137264251708984e+00
2.400000000000000000e+01
1.831818199157714844e+01
1.343333339691162109e+01
1.533333301544189453e+01
2.686666679382324219e+01
2.878571510314941406e+01
3.300000000000000000e+01
2.370588302612304688e+01
2.110526275634765625e+01
6.866666412353515625e+01
5.728571319580078125e+01
5.928571319580078125e+01
6.100000000000000000e+01
6.028571319580078125e+01
1.067500000000000000e+02
1.345000000000000000e+02
1.290000000000000000e+02
3.033333435058593750e+02
4.410000000000000000e+02
5.905000000000000000e+02
7.116666412353515625e+01
1.000000000000000000e+03
1.000000000000000000e+03
1.000000000000000000e+03
7.410000000000000000e+02
1.000000000000000000e+03
9.800000000000000000e+02
4.129999923706054688e+01
2.581250000000000000e+01
3.708333206176757812e+01
2.637500000000000000e+01
2.600000000000000000e+01
3.146153831481933594e+01
3.115384674072265625e+01
2.833333396911621094e+01
3.558333206176757812e+01
3.138461494445800781e+01
4.009999847412109375e+01
3.123077011108398438e+01
4.544444274902343750e+01
4.666666793823242188e+01
5.914285659790039062e+01
1.122500000000000000e+02
1.596666717529296875e+02
1.072500000000000000e+02
1.571999969482421875e+02
1.145000000000000000e+02
9.180000305175781250e+01
5.077777862548828125e+01
3.636363601684570312e+01
2.612500000000000000e+01
3.745454406738281250e+01
4.179999923706054688e+01
4.744444274902343750e+01
5.787500000000000000e+01
4.340000152587890625e+01
3.818181991577148438e+01
5.250000000000000000e+01
6.150000000000000000e+01
6.614286041259765625e+01
7.250000000000000000e+01
7.833333587646484375e+01
8.440000152587890625e+01
1.022500000000000000e+02
1.260000000000000000e+02
2.009523773193359375e+01
1.227500000000000000e+02
1.500000000000000000e+02
1.047500000000000000e+02
1.250000000000000000e+02
7.583333587646484375e+01
6.700000000000000000e+01
5.112500000000000000e+01
4.270000076293945312e+01
4.159999847412109375e+01
3.238461685180664062e+01
2.376470565795898438e+01
1.603846168518066406e+01
1.843478202819824219e+01
2.593750000000000000e+01
2.593750000000000000e+01
3.261538314819335938e+01
4.488888931274414062e+01
5.175000000000000000e+01
8.219999694824218750e+01
1.130000000000000000e+02
2.095000000000000000e+02
1.793333282470703125e+02
1.440000000000000000e+02
1.857500000000000000e+02
3.355000000000000000e+02
1.343333282470703125e+02
1.277500000000000000e+02
9.400000000000000000e+01
1.215000000000000000e+02
1.247500000000000000e+02
1.426666717529296875e+02
1.155000000000000000e+02
8.719999694824218750e+01
