1.312903213500976562e+01
2.294444465637207031e+01
2.779999923706054688e+01
4.420000076293945312e+01
5.885714340209960938e+01
5.537500000000000000e+01
3.725000000000000000e+01
2.506250000000000000e+01
2.272222137451171875e+01
2.311111068725585938e+01
5.500000000000000000e+01
4.290000152587890625e+01
7.683333587646484375e+01
5.950000000000000000e+01
7.033333587646484375e+01
6.314285659790039062e+01
9.400000000000000000e+01
7.216666412353515625e+01
7.566666412353515625e+01
6.557142639160156250e+01
8.483333587646484375e+01
6.157143020629882812e+01
5.675000000000000000e+01
5.100000000000000000e+01
5.937500000000000000e+01
5.000000000000000000e+01
3.192307662963867188e+01
3.483333206176757812e+01
4.029999923706054688e+01
2.570588302612304688e+01
2.720000076293945312e+01
3.575000000000000000e+01
3.675000000000000000e+01
4.733333206176757812e+01
4.466666793823242188e+01
5.200000000000000000e+01
6.737500000000000000e+01
4.800000000000000000e+01
6.757142639160156250e+01
6.900000000000000000e+01
6.414286041259765625e+01
6.600000000000000000e+01
7.716666412353515625e+01
8.016666412353515625e+01
8.016666412353515625e+01
8.080000305175781250e+01
7.850000000000000000e+01
8.380000305175781250e+01
8.880000305175781250e+01
9.440000152587890625e+01
1.008000030517578125e+02
1.007500000000000000e+02
1.137500000000000000e+02
1.015000000000000000e+02
1.090000000000000000e+02
1.150000000000000000e+02
1.255000000000000000e+02
1.580000000000000000e+02
2.005000000000000000e+02
1.840000000000000000e+02
1.440000000000000000e+02
1.060000000000000000e+02
6.185714340209960938e+01
1.265000000000000000e+02
8.540000152587890625e+01
2.020000000000000000e+02
1.360000000000000000e+02
1.255000000000000000e+02
1.390000000000000000e+02
2.025000000000000000e+02
1.886666717529296875e+02
1.290000000000000000e+02
8.059999847412109375e+01
1.230000000000000000e+02
1.195000000000000000e+02
1.343333282470703125e+02
1.295000000000000000e+02
1.117500000000000000e+02
1.626666717529296875e+02
2.200000000000000000e+02
3.510000000000000000e+02
2.000000000000000000e+02
4.030000000000000000e+02
3.825000000000000000e+02
5.075000000000000000e+02
1.000000000000000000e+03
1.000000000000000000e+03
1.000000000000000000e+03
1.000000000000000000e+03
8.540000000000000000e+02
2.866666564941406250e+02
1.876666717529296875e+02
2.045000000000000000e+02
7.116666412353515625e+01
1.122500000000000000e+02
2.045000000000000000e+02
4.390000000000000000e+02
1.000000000000000000e+03
1.000000000000000000e+03
5.175000000000000000e+02
