9.853658676147460938e+00
2.946666717529296875e+01
2.288888931274414062e+01
2.054999923706054688e+01
4.009999847412109375e+01
6.385714340209960938e+01
4.379999923706054688e+01
3.028571510314941406e+01
2.762500000000000000e+01
3.383333206176757812e+01
5.550000000000000000e+01
6.983333587646484375e+01
7.516666412353515625e+01
1.008000030517578125e+02
9.419999694824218750e+01
6.866666412353515625e+01
5.900000000000000000e+01
3.575000000000000000e+01
4.477777862548828125e+01
3.400000000000000000e+01
3.491666793823242188e+01
3.014285659790039062e+01
3.900000000000000000e+01
3.450000000000000000e+01
4.633333206176757812e+01
4.529999923706054688e+01
7.466666412353515625e+01
1.052500000000000000e+02
1.590000000000000000e+02
9.756097793579101562e+00
7.518518447875976562e+00
2.025000000000000000e+01
9.180000305175781250e+01
1.012500000000000000e+02
1.192500000000000000e+02
8.740000152587890625e+01
5.828571319580078125e+01
4.370000076293945312e+01
3.508333206176757812e+01
2.333333396911621094e+01
1.904761886596679688e+01
2.004999923706054688e+01
2.706666755676269531e+01
3.366666793823242188e+01
4.209999847412109375e+01
5.062500000000000000e+01
6.085714340209960938e+01
8.200000000000000000e+01
6.733333587646484375e+01
7.266666412353515625e+01
8.019999694824218750e+01
6.883333587646484375e+01
6.866666412353515625e+01
6.883333587646484375e+01
9.319999694824218750e+01
8.380000305175781250e+01
8.066666412353515625e+01
8.419999694824218750e+01
6.571428680419921875e+01
6.042856979370117188e+01
5.400000000000000000e+01
4.866666793823242188e+01
4.509999847412109375e+01
4.666666793823242188e+01
5.037500000000000000e+01
5.225000000000000000e+01
7.450000000000000000e+01
6.400000000000000000e+01
5.562500000000000000e+01
6.242856979370117188e+01
6.071428680419921875e+01
5.928571319580078125e+01
6.916666412353515625e+01
8.019999694824218750e+01
1.030000000000000000e+02
1.020000000000000000e+02
8.919999694824218750e+01
7.300000000000000000e+01
5.828571319580078125e+01
1.567857170104980469e+01
4.855555725097656250e+01
4.533333206176757812e+01
3.927272796630859375e+01
3.781818008422851562e+01
3.709090805053710938e+01
3.600000000000000000e+01
3.508333206176757812e+01
3.633333206176757812e+01
3.716666793823242188e+01
3.781818008422851562e+01
4.340000152587890625e+01
4.477777862548828125e+01
7.516666412353515625e+01
6.883333587646484375e+01
8.800000000000000000e+01
7.100000000000000000e+01
8.166666412353515625e+01
7.383333587646484375e+01
9.080000305175781250e+01
8.180000305175781250e+01
