1.111111068725585938e+01
1.428571414947509766e+01
1.827272796630859375e+01
3.566666793823242188e+01
4.522222137451171875e+01
4.159999847412109375e+01
4.040000152587890625e+01
5.125000000000000000e+01
5.362500000000000000e+01
5.012500000000000000e+01
6.142856979370117188e+01
6.000000000000000000e+01
3.863636398315429688e+01
4.500000000000000000e+01
5.325000000000000000e+01
5.957143020629882812e+01
7.666666412353515625e+01
7.100000000000000000e+01
7.350000000000000000e+01
8.919999694824218750e+01
6.683333587646484375e+01
8.359999847412109375e+01
1.212500000000000000e+02
8.680000305175781250e+01
7.350000000000000000e+01
1.032500000000000000e+02
8.359999847412109375e+01
1.087500000000000000e+02
7.300000000000000000e+01
9.516666412353515625e+01
1.070000000000000000e+02
8.183333587646484375e+01
6.900000000000000000e+01
8.919999694824218750e+01
1.021999969482421875e+02
8.119999694824218750e+01
6.933333587646484375e+01
7.683333587646484375e+01
7.850000000000000000e+01
8.380000305175781250e+01
1.107500000000000000e+02
1.145000000000000000e+02
8.619999694824218750e+01
1.242500000000000000e+02
1.473333282470703125e+02
1.202500000000000000e+02
1.102500000000000000e+02
9.340000152587890625e+01
7.133333587646484375e+01
6.485713958740234375e+01
6.950000000000000000e+01
6.733333587646484375e+01
7.733333587646484375e+01
9.840000152587890625e+01
1.052500000000000000e+02
1.345000000000000000e+02
1.432500000000000000e+02
1.997500000000000000e+02
3.845000000000000000e+02
5.360000000000000000e+02
5.900000000000000000e+02
2.790000000000000000e+02
1.796666717529296875e+02
1.010000000000000000e+02
7.350000000000000000e+01
7.066666412353515625e+01
6.657142639160156250e+01
7.150000000000000000e+01
9.180000305175781250e+01
1.400000000000000000e+02
1.436666717529296875e+02
2.356666717529296875e+02
2.115000000000000000e+02
1.000000000000000000e+03
6.970000000000000000e+02
2.305000000000000000e+02
4.860000000000000000e+02
5.955000000000000000e+02
9.110000000000000000e+02
1.000000000000000000e+03
1.000000000000000000e+03
1.000000000000000000e+03
1.000000000000000000e+03
1.000000000000000000e+03
1.000000000000000000e+03
1.000000000000000000e+03
5.380000000000000000e+02
1.000000000000000000e+03
1.000000000000000000e+03
5.180000000000000000e+02
4.930000000000000000e+02
3.250000000000000000e+02
1.000000000000000000e+03
6.105000000000000000e+02
1.000000000000000000e+03
4.895000000000000000e+02
2.295000000000000000e+02
6.720000000000000000e+02
1.000000000000000000e+03
1.000000000000000000e+03
