1.877272796630859375e+01
2.194736862182617188e+01
2.605882263183593750e+01
1.325806427001953125e+01
1.900000000000000000e+01
3.636363601684570312e+01
5.785714340209960938e+01
6.071428680419921875e+01
3.130769157409667969e+01
5.400000000000000000e+01
3.400000000000000000e+01
4.279999923706054688e+01
5.287500000000000000e+01
4.533333206176757812e+01
5.125000000000000000e+01
5.062500000000000000e+01
5.742856979370117188e+01
3.809090805053710938e+01
2.833333396911621094e+01
2.992857170104980469e+01
2.114999961853027344e+01
2.255555534362792969e+01
2.900000000000000000e+01
4.555555725097656250e+01
4.079999923706054688e+01
4.009090805053710938e+01
4.711111068725585938e+01
6.285714340209960938e+01
6.542857360839843750e+01
6.114285659790039062e+01
8.487500000000000000e+01
8.259999847412109375e+01
9.880000305175781250e+01
7.250000000000000000e+01
1.057500000000000000e+02
6.071428680419921875e+01
4.511111068725585938e+01
3.383333206176757812e+01
3.483333206176757812e+01
2.227777862548828125e+01
2.338888931274414062e+01
3.153846168518066406e+01
2.935714340209960938e+01
4.566666793823242188e+01
6.128571319580078125e+01
8.459999847412109375e+01
7.700000000000000000e+01
1.413333282470703125e+02
1.040000000000000000e+02
1.360000000000000000e+02
8.840000152587890625e+01
7.750000000000000000e+01
9.100000000000000000e+01
1.420000000000000000e+02
6.733333587646484375e+01
6.716666412353515625e+01
5.637500000000000000e+01
6.816666412353515625e+01
8.259999847412109375e+01
1.102500000000000000e+02
1.127500000000000000e+02
1.556666717529296875e+02
1.202500000000000000e+02
1.543333282470703125e+02
1.746666717529296875e+02
2.705000000000000000e+02
2.063333282470703125e+02
4.615000000000000000e+02
7.960000000000000000e+02
5.190000000000000000e+02
6.780000000000000000e+02
3.725000000000000000e+02
2.410000000000000000e+02
3.555000000000000000e+02
1.840000000000000000e+02
2.930000000000000000e+02
3.270000000000000000e+02
1.643333282470703125e+02
1.447500000000000000e+02
3.170000000000000000e+02
3.240000000000000000e+02
2.645000000000000000e+02
1.217500000000000000e+02
9.419999694824218750e+01
6.214285659790039062e+01
6.300000000000000000e+01
5.025000000000000000e+01
2.935714340209960938e+01
1.400000000000000000e+01
2.482353019714355469e+01
2.085714340209960938e+01
2.322222137451171875e+01
2.511764717102050781e+01
2.913333320617675781e+01
3.890909194946289062e+01
3.516666793823242188e+01
4.466666793823242188e+01
4.300000000000000000e+01
4.477777862548828125e+01
4.688888931274414062e+01
