1.194117641448974609e+01
1.432142829895019531e+01
2.482353019714355469e+01
2.820000076293945312e+01
3.963636398315429688e+01
3.636363601684570312e+01
3.458333206176757812e+01
4.570000076293945312e+01
4.877777862548828125e+01
4.488888931274414062e+01
3.466666793823242188e+01
4.600000000000000000e+01
5.037500000000000000e+01
7.566666412353515625e+01
8.540000152587890625e+01
6.983333587646484375e+01
6.342856979370117188e+01
6.716666412353515625e+01
8.119999694824218750e+01
6.866666412353515625e+01
8.540000152587890625e+01
7.166666412353515625e+01
1.071999969482421875e+02
7.816666412353515625e+01
1.075000000000000000e+02
6.457142639160156250e+01
8.800000000000000000e+01
7.650000000000000000e+01
1.376666717529296875e+02
1.167500000000000000e+02
7.600000000000000000e+01
1.080000000000000000e+02
7.266666412353515625e+01
8.000000000000000000e+01
8.019999694824218750e+01
6.600000000000000000e+01
7.000000000000000000e+01
4.644444274902343750e+01
6.816666412353515625e+01
5.714285659790039062e+01
5.450000000000000000e+01
8.019999694824218750e+01
1.057500000000000000e+02
7.228571319580078125e+01
1.000000000000000000e+02
1.420000000000000000e+02
8.159999847412109375e+01
5.600000000000000000e+01
5.800000000000000000e+01
6.966666412353515625e+01
6.271428680419921875e+01
6.716666412353515625e+01
6.214285659790039062e+01
4.100000000000000000e+01
7.466666412353515625e+01
1.025999984741210938e+02
8.980000305175781250e+01
8.880000305175781250e+01
9.100000000000000000e+01
8.740000152587890625e+01
1.002500000000000000e+02
1.022500000000000000e+02
1.347500000000000000e+02
1.055000000000000000e+02
7.883333587646484375e+01
9.840000152587890625e+01
6.771428680419921875e+01
5.985714340209960938e+01
6.028571319580078125e+01
5.450000000000000000e+01
4.766666793823242188e+01
6.014285659790039062e+01
5.625000000000000000e+01
6.571428680419921875e+01
7.300000000000000000e+01
1.466666717529296875e+02
1.067500000000000000e+02
1.272500000000000000e+02
1.633333282470703125e+02
1.115000000000000000e+02
9.740000152587890625e+01
6.883333587646484375e+01
7.350000000000000000e+01
6.966666412353515625e+01
6.385714340209960938e+01
5.575000000000000000e+01
6.666666412353515625e+01
4.550000000000000000e+01
6.571428680419921875e+01
7.333333587646484375e+01
7.583333587646484375e+01
1.025000000000000000e+02
1.360000000000000000e+02
1.265000000000000000e+02
1.763333282470703125e+02
2.200000000000000000e+02
2.266666717529296875e+02
5.140000000000000000e+02
8.360000000000000000e+02
9.150000000000000000e+02
