-1.219407272338867188e+02
-1.942868957519531250e+02
-1.371789855957031250e+02
-1.026121749877929688e+02
-8.480299377441406250e+01
-1.228515625000000000e+02
-1.092335662841796875e+02
-6.880175781250000000e+01
-7.719409942626953125e+01
-3.258599090576171875e+01
-5.748981857299804688e+01
-1.547864227294921875e+02
-9.339898681640625000e+01
-1.051015625000000000e+02
-1.696377716064453125e+02
-1.445831451416015625e+02
-2.135063934326171875e+01
-7.649870300292968750e+01
-1.860772705078125000e+01
-2.093068695068359375e+01
-8.039157104492187500e+01
1.826068115234375000e+01
-1.502283325195312500e+02
6.652233123779296875e+01
4.731358337402343750e+01
3.775782394409179688e+01
1.498064136505126953e+01
7.673089599609375000e+01
9.490449523925781250e+01
1.342219390869140625e+02
4.163193130493164062e+01
7.462831115722656250e+01
6.860157775878906250e+01
1.190300292968750000e+02
1.206112823486328125e+02
1.093891296386718750e+02
1.240320281982421875e+02
1.192359924316406250e+02
1.487781524658203125e+02
1.003436279296875000e+02
1.658631134033203125e+02
1.298567810058593750e+02
1.416334228515625000e+02
1.436849822998046875e+02
1.743290405273437500e+02
1.646232299804687500e+02
1.479373016357421875e+02
1.016372909545898438e+02
1.752819061279296875e+02
1.810220336914062500e+02
1.415667877197265625e+02
1.882170410156250000e+02
1.469274597167968750e+02
1.679810638427734375e+02
1.227573318481445312e+02
9.383798980712890625e+01
1.918535614013671875e+02
1.714353179931640625e+02
1.164662551879882812e+02
1.463214569091796875e+02
1.432713470458984375e+02
1.170300979614257812e+02
9.762971496582031250e+01
1.452829742431640625e+02
6.416798400878906250e+01
1.312297668457031250e+02
3.525326538085937500e+01
1.228173904418945312e+02
9.489334106445312500e+01
1.527964172363281250e+02
1.734022216796875000e+02
1.210971450805664062e+02
1.067991180419921875e+02
1.529279632568359375e+02
1.551185913085937500e+02
1.665642242431640625e+02
1.324461669921875000e+02
1.468359832763671875e+02
1.245963134765625000e+02
1.776264038085937500e+02
1.448114318847656250e+02
1.836408996582031250e+02
1.360725402832031250e+02
1.489242401123046875e+02
1.695795135498046875e+02
1.558234405517578125e+02
1.197847900390625000e+02
1.316153564453125000e+02
1.396342926025390625e+02
1.344135742187500000e+02
1.938131408691406250e+02
1.637285766601562500e+02
1.581826477050781250e+02
1.601652984619140625e+02
1.660666046142578125e+02
1.721883697509765625e+02
1.440782165527343750e+02
1.603404846191406250e+02
1.461206054687500000e+02
1.868436889648437500e+02
